    prob  log10(PO)   qval  alpha  fst
1  0.094819 -0.97984 0.898853 -0.0043865 0.0018833 
2  0.095419 -0.97681 0.89800 0.0038565 0.0019376 
3  0.086817 -1.0220 0.90702 0.0038421 0.0019116 
4  0.084217 -1.0364 0.90852 -0.0028168 0.0019042 
5  0.088418 -1.0133 0.90618 0.019087 0.0019689 
6  0.090818 -1.0005 0.90415 0.0031004 0.0019094 
7  0.093219 -0.98800 0.90125 0.0043355 0.0019070 
8  0.094219 -0.98289 0.90002 0.0026247 0.0019239 
9  0.092018 -0.99420 0.90288 0.012243 0.0019725 
10  0.088218 -1.0143 0.90633 -0.0019139 0.0018911 
11  0.081616 -1.0512 0.90920 -0.0061531 0.0018709 
12  0.090818 -1.0005 0.90415 -0.013314 0.0018584 
13  0.086617 -1.0230 0.90718 -0.00015079 0.0018839 
14  0.084217 -1.0364 0.90852 -0.0095964 0.0018446 
15  0.087217 -1.0198 0.90680 -0.010558 0.0018501 
16  0.087217 -1.0198 0.90680 -0.0089861 0.0018541 
17  0.088818 -1.0111 0.90595 0.0011073 0.0018924 
18  0.085617 -1.0286 0.90781 -0.010148 0.0018648 
19  0.088218 -1.0143 0.90633 -0.0025843 0.0018781 
20  0.086217 -1.0252 0.90740 -0.00091631 0.0018771 
21  0.089418 -1.0079 0.90547 -0.0041349 0.0018892 
22  0.089818 -1.0058 0.90501 -0.0010026 0.0019076 
23  0.079216 -1.0653 0.90946 -0.0052872 0.0018701 
24  0.088018 -1.0154 0.90646 -0.0017541 0.0018965 
25  0.10382 -0.93611 0.88351 0.0019392 0.0019271 
26  0.089418 -1.0079 0.90547 -0.010488 0.0018613 
27  0.088218 -1.0143 0.90633 -0.010810 0.0018588 
28  0.099420 -0.95705 0.89265 0.019369 0.0019691 
29  0.095819 -0.97480 0.89764 -0.0044884 0.0018782 
30  0.098020 -0.96388 0.89421 0.011301 0.0019784 
31  0.092418 -0.99213 0.90238 0.0045977 0.0019186 
32  0.088018 -1.0154 0.90646 -0.016123 0.0018397 
33  0.091218 -0.99838 0.90378 -0.0062143 0.0018682 
34  0.093419 -0.98697 0.90100 0.0027802 0.0019094 
35  0.094819 -0.97984 0.89885 0.019764 0.0019701 
36  0.086417 -1.0241 0.90729 -0.014134 0.0018427 
37  0.083217 -1.0421 0.90888 -0.019812 0.0018380 
38  0.092619 -0.99109 0.90199 -0.0080877 0.0018827 
39  0.092218 -0.99316 0.90262 0.014602 0.0019783 
40  0.094419 -0.98187 0.89954 0.018789 0.0019782 
41  0.089018 -1.0100 0.90582 0.0088490 0.0019276 
42  0.085417 -1.0297 0.90789 -0.0068390 0.0018753 
43  0.087217 -1.0198 0.90680 -0.0099245 0.0018697 
44  0.10242 -0.94269 0.88771 -0.00081836 0.0019283 
45  0.10582 -0.92685 0.87379 0.027661 0.0020055 
46  0.085417 -1.0297 0.90789 -0.0053415 0.0018586 
47  0.10202 -0.94458 0.88860 0.021944 0.0019838 
48  0.089418 -1.0079 0.90547 -0.0083230 0.0018617 
49  0.092018 -0.99420 0.90288 0.0032524 0.0019028 
50  0.090618 -1.0015 0.90435 0.0020554 0.0018922 
51  0.083217 -1.0421 0.90888 -0.0073281 0.0018606 
52  0.090618 -1.0015 0.90435 -0.0057425 0.0018763 
53  0.090818 -1.0005 0.90415 0.0033287 0.0019163 
54  0.088018 -1.0154 0.90646 -0.0014033 0.0018799 
55  0.098820 -0.95997 0.89317 0.021110 0.0019946 
56  0.080816 -1.0559 0.90931 0.00092277 0.0019065 
57  0.090618 -1.0015 0.90435 0.0049475 0.0019265 
58  0.087618 -1.0176 0.90660 -0.011841 0.0018532 
59  0.089218 -1.0090 0.90564 -0.0030299 0.0018830 
60  0.090018 -1.0047 0.90482 -0.0023243 0.0018912 
61  0.088418 -1.0133 0.90618 -0.011295 0.0018545 
62  0.089418 -1.0079 0.90547 -0.014807 0.0018463 
63  0.081616 -1.0512 0.90920 0.00019755 0.0018837 
64  0.094419 -0.98187 0.89954 0.0038373 0.0019101 
65  0.091018 -0.99943 0.90395 -0.0085637 0.0018655 
66  0.085017 -1.0319 0.90810 0.0072216 0.0019208 
67  0.092018 -0.99420 0.90288 -0.0087768 0.0018801 
68  0.084817 -1.0330 0.90824 -0.019335 0.0018267 
69  0.091818 -0.99524 0.90315 0.010793 0.0019257 
70  0.093019 -0.98903 0.90154 0.027101 0.0020106 
71  0.086217 -1.0252 0.90740 -0.0065577 0.0018674 
72  0.093419 -0.98697 0.90100 0.012262 0.0019279 
73  0.090218 -1.0036 0.90461 0.0083736 0.0019275 
74  0.090018 -1.0047 0.90482 0.0036450 0.0019052 
75  0.10922 -0.91146 0.86746 0.050480 0.0021116 
76  0.089618 -1.0068 0.90523 -0.013990 0.0018410 
77  0.084417 -1.0353 0.90842 -0.0017503 0.0018768 
78  0.084617 -1.0341 0.90832 -0.014361 0.0018492 
79  0.086017 -1.0264 0.90752 -0.0016999 0.0018857 
80  0.094019 -0.98390 0.90034 0.0057846 0.0019203 
81  0.086017 -1.0264 0.90752 -0.011993 0.0018514 
82  0.084417 -1.0353 0.90842 -0.010496 0.0018442 
83  0.089018 -1.0100 0.90582 0.0043547 0.0019077 
84  0.090018 -1.0047 0.90482 -0.017428 0.0018437 
85  0.090018 -1.0047 0.90482 -1.8855e-05 0.0019001 
86  0.093019 -0.98903 0.90154 0.0092794 0.0019441 
87  0.086617 -1.0230 0.90718 -0.014666 0.0018377 
88  0.088618 -1.0122 0.90608 -0.0039571 0.0018748 
89  0.080016 -1.0606 0.90941 -0.012147 0.0018616 
90  0.092018 -0.99420 0.90288 0.00071587 0.0019013 
91  0.085617 -1.0286 0.90781 -0.0031597 0.0018774 
92  0.090018 -1.0047 0.90482 -0.013823 0.0018456 
93  0.094419 -0.98187 0.89954 -0.014517 0.0018530 
94  0.097620 -0.96585 0.89456 -0.0021168 0.0018968 
95  0.090618 -1.0015 0.90435 -0.018278 0.0018332 
96  0.091018 -0.99943 0.90395 -0.014555 0.0018564 
97  0.085017 -1.0319 0.90810 8.2318e-05 0.0018979 
98  0.080416 -1.0582 0.90935 -0.0091403 0.0018412 
99  0.087217 -1.0198 0.90680 -0.0032976 0.0018697 
100  0.089218 -1.0090 0.90564 -0.0078835 0.0018576 
101  0.092418 -0.99213 0.90238 0.0048402 0.0019177 
102  0.090618 -1.0015 0.90435 -0.0074759 0.0018630 
103  0.084817 -1.0330 0.90824 -0.013845 0.0018451 
104  0.093419 -0.98697 0.90100 -0.0052104 0.0018904 
105  0.090218 -1.0036 0.90461 0.0061203 0.0019278 
106  0.092418 -0.99213 0.90238 -0.0015420 0.0018950 
107  0.088418 -1.0133 0.90618 -0.012858 0.0018603 
108  0.088018 -1.0154 0.90646 -0.010619 0.0018560 
109  0.088618 -1.0122 0.90608 -0.018569 0.0018311 
110  0.092619 -0.99109 0.90199 0.00096245 0.0019290 
111  0.083617 -1.0398 0.90874 -0.0021218 0.0018821 
112  0.097820 -0.96487 0.89447 0.0086305 0.0019480 
113  0.11002 -0.90790 0.86534 0.048479 0.0021648 
114  0.091218 -0.99838 0.90378 -0.0027040 0.0018956 
115  0.085617 -1.0286 0.90781 -0.0059815 0.0018650 
116  0.086417 -1.0241 0.90729 -0.018234 0.0018292 
117  0.087417 -1.0187 0.90670 0.0040878 0.0019011 
118  0.089618 -1.0068 0.90523 -0.0076391 0.0018793 
119  0.086417 -1.0241 0.90729 -0.013785 0.0018515 
120  0.11262 -0.89648 0.85986 0.064495 0.0022458 
121  0.092018 -0.99420 0.90288 -0.011236 0.0018657 
122  0.089018 -1.0100 0.90582 -0.0052862 0.0018708 
123  0.086617 -1.0230 0.90718 0.0032960 0.0018951 
124  0.088018 -1.0154 0.90646 -0.022257 0.0018227 
125  0.087417 -1.0187 0.90670 -0.0045234 0.0018758 
126  0.083617 -1.0398 0.90874 0.0063765 0.0019027 
127  0.094819 -0.97984 0.89885 -0.012532 0.0018588 
128  0.10462 -0.93239 0.88088 0.035086 0.0020762 
129  0.088618 -1.0122 0.90608 -0.0021264 0.0018792 
130  0.092018 -0.99420 0.90288 0.0037880 0.0019085 
131  0.088618 -1.0122 0.90608 -0.016482 0.0018403 
132  0.091818 -0.99524 0.90315 -0.011290 0.0018707 
133  0.084817 -1.0330 0.90824 -0.019271 0.0018244 
134  0.087017 -1.0209 0.90692 -0.0063595 0.0018767 
135  0.095619 -0.97581 0.89782 -0.0039938 0.0018847 
136  0.089618 -1.0068 0.90523 -0.0010320 0.0018949 
137  0.10362 -0.93705 0.88394 0.032188 0.0020459 
138  0.093419 -0.98697 0.90100 -0.0021971 0.0018927 
139  0.091418 -0.99733 0.90354 -0.016459 0.0018592 
140  0.082416 -1.0466 0.90902 -0.00075103 0.0018711 
141  0.089618 -1.0068 0.90523 -0.0052832 0.0018830 
142  0.094219 -0.98289 0.90002 -0.0050580 0.0018975 
143  0.090218 -1.0036 0.90461 -0.0046059 0.0018977 
144  0.082016 -1.0489 0.90911 -0.0049110 0.0018832 
145  0.088618 -1.0122 0.90608 0.0056095 0.0019045 
146  0.090618 -1.0015 0.90435 -0.012423 0.0018506 
147  0.094219 -0.98289 0.90002 0.035225 0.0020068 
148  0.086017 -1.0264 0.90752 -0.0086312 0.0018825 
149  0.088218 -1.0143 0.90633 -0.0070621 0.0018712 
150  0.088418 -1.0133 0.90618 -0.0034680 0.0018730 
151  0.092218 -0.99316 0.90262 -0.0038795 0.0018928 
152  0.085217 -1.0308 0.90803 -0.012084 0.0018536 
153  0.087818 -1.0165 0.90653 -0.0097031 0.0018509 
154  0.088618 -1.0122 0.90608 -0.011318 0.0018585 
155  0.086217 -1.0252 0.90740 -0.0081588 0.0018514 
156  0.095619 -0.97581 0.89782 -0.0063613 0.0019062 
157  0.080616 -1.0571 0.90933 -0.017581 0.0018322 
158  0.095419 -0.97681 0.89800 0.0066009 0.0019203 
159  0.088018 -1.0154 0.90646 -0.010927 0.0018537 
160  0.091418 -0.99733 0.90354 -0.0070372 0.0018760 
161  0.085617 -1.0286 0.90781 0.0092696 0.0019089 
162  0.087417 -1.0187 0.90670 0.0069046 0.0018989 
163  0.093819 -0.98493 0.90047 -0.0086674 0.0018668 
164  0.095419 -0.97681 0.89800 -0.010662 0.0018627 
165  0.085617 -1.0286 0.90781 0.0023078 0.0018966 
166  0.087818 -1.0165 0.90653 -0.0079200 0.0018605 
167  0.086617 -1.0230 0.90718 -0.0046477 0.0018686 
168  0.091018 -0.99943 0.90395 -0.0014011 0.0018927 
169  0.086617 -1.0230 0.90718 0.011820 0.0019551 
170  0.091418 -0.99733 0.90354 0.0049974 0.0019030 
171  0.081016 -1.0547 0.90928 -0.0081422 0.0018571 
172  0.092018 -0.99420 0.90288 0.0023545 0.0019227 
173  0.10102 -0.94934 0.89051 -0.017067 0.0018592 
174  0.092018 -0.99420 0.90288 -0.0080414 0.0018779 
175  0.090818 -1.0005 0.90415 -0.010594 0.0018805 
176  0.088218 -1.0143 0.90633 -0.0022440 0.0019042 
177  0.086617 -1.0230 0.90718 0.0083215 0.0019307 
178  0.085817 -1.0275 0.90764 -0.0068440 0.0018706 
179  0.095019 -0.97883 0.89846 0.024959 0.0019792 
180  0.083217 -1.0421 0.90888 -0.0083802 0.0018480 
181  0.094619 -0.98085 0.89914 0.00041852 0.0019144 
182  0.094419 -0.98187 0.89954 -0.0063709 0.0018838 
183  0.085217 -1.0308 0.90803 -0.0017572 0.0018821 
184  0.091818 -0.99524 0.90315 -0.019282 0.0018320 
185  0.094419 -0.98187 0.89954 0.0066802 0.0019408 
186  0.092018 -0.99420 0.90288 0.018753 0.0019519 
187  0.085417 -1.0297 0.90789 -0.017917 0.0018436 
188  0.084017 -1.0375 0.90858 0.010110 0.0019508 
189  0.083217 -1.0421 0.90888 -0.0069913 0.0018703 
190  0.092018 -0.99420 0.90288 -0.0083668 0.0018736 
191  0.090418 -1.0026 0.90445 0.0044385 0.0019113 
192  0.093019 -0.98903 0.90154 -0.022027 0.0018279 
193  0.090818 -1.0005 0.90415 -0.011275 0.0018509 
194  0.091418 -0.99733 0.90354 0.0073748 0.0019383 
195  0.083617 -1.0398 0.90874 -0.0024054 0.0018838 
196  0.093019 -0.98903 0.90154 -0.00085363 0.0018909 
197  0.098420 -0.96192 0.89376 0.021996 0.0019989 
198  0.089418 -1.0079 0.90547 -0.0061250 0.0018811 
199  0.10082 -0.95030 0.89081 0.0069313 0.0019090 
200  0.087017 -1.0209 0.90692 -0.0080078 0.0018492 
201  0.098420 -0.96192 0.89376 0.023779 0.0020212 
202  0.094219 -0.98289 0.90002 -0.0061947 0.0018985 
203  0.10382 -0.93611 0.88351 0.047200 0.0021215 
204  0.083817 -1.0387 0.90866 -0.014301 0.0018361 
205  0.092819 -0.99006 0.90178 -0.019172 0.0018452 
206  0.089618 -1.0068 0.90523 -0.0070908 0.0018800 
207  0.086417 -1.0241 0.90729 -0.0034238 0.0018827 
208  0.087017 -1.0209 0.90692 0.00099205 0.0018706 
209  0.10302 -0.93986 0.88638 0.043628 0.0021032 
210  0.088218 -1.0143 0.90633 -0.0088135 0.0018674 
211  0.092619 -0.99109 0.90199 -0.0099674 0.0018633 
212  0.089218 -1.0090 0.90564 -0.0069561 0.0018680 
213  0.088818 -1.0111 0.90595 -0.0088986 0.0018683 
214  0.091218 -0.99838 0.90378 -0.0071492 0.0018659 
215  0.084417 -1.0353 0.90842 -0.0073002 0.0018462 
216  0.088618 -1.0122 0.90608 0.00093980 0.0018979 
217  0.096419 -0.97180 0.89674 0.0083507 0.0019297 
218  0.087417 -1.0187 0.90670 0.0027069 0.0018926 
219  0.088818 -1.0111 0.90595 -0.014583 0.0018490 
220  0.094419 -0.98187 0.89954 -0.0076583 0.0018751 
221  0.086817 -1.0220 0.90702 -0.0039159 0.0018773 
222  0.089418 -1.0079 0.90547 -0.012032 0.0018589 
223  0.089418 -1.0079 0.90547 -0.014438 0.0018590 
224  0.083817 -1.0387 0.90866 -0.010183 0.0018580 
225  0.092218 -0.99316 0.90262 0.0014770 0.0018996 
226  0.083617 -1.0398 0.90874 -0.020475 0.0018251 
227  0.091618 -0.99629 0.90329 0.0037876 0.0019066 
228  0.088018 -1.0154 0.90646 -0.010759 0.0018631 
229  0.089618 -1.0068 0.90523 -0.025880 0.0018249 
230  0.094419 -0.98187 0.89954 -0.016916 0.0018513 
231  0.086617 -1.0230 0.90718 -0.019799 0.0018364 
232  0.091218 -0.99838 0.90378 -0.0072284 0.0018662 
233  0.089818 -1.0058 0.90501 -0.0024576 0.0019156 
234  0.082016 -1.0489 0.90911 -0.0031531 0.0018797 
235  0.099220 -0.95802 0.89286 0.013028 0.0019523 
236  0.086617 -1.0230 0.90718 -0.0022518 0.0018737 
237  0.089018 -1.0100 0.90582 -0.0087835 0.0018668 
238  0.091018 -0.99943 0.90395 0.0039881 0.0019078 
239  0.094619 -0.98085 0.89914 -0.011898 0.0018695 
240  0.087217 -1.0198 0.90680 -0.0056076 0.0018706 
241  0.087618 -1.0176 0.90660 -0.011164 0.0018616 
242  0.085217 -1.0308 0.90803 -0.0087811 0.0018420 
243  0.085017 -1.0319 0.90810 -0.010521 0.0018537 
244  0.091018 -0.99943 0.90395 0.0076857 0.0019311 
245  0.094419 -0.98187 0.89954 0.0022329 0.0018927 
246  0.089018 -1.0100 0.90582 0.0074645 0.0019374 
247  0.091818 -0.99524 0.90315 -0.0011564 0.0019145 
248  0.085217 -1.0308 0.90803 -0.0015969 0.0018834 
249  0.091218 -0.99838 0.90378 -0.012282 0.0018552 
250  0.088818 -1.0111 0.90595 -0.014619 0.0018401 
251  0.087217 -1.0198 0.90680 0.00010543 0.0019014 
252  0.098420 -0.96192 0.89376 0.022940 0.0019862 
253  0.10262 -0.94174 0.88695 0.030711 0.0020540 
254  0.082216 -1.0478 0.90906 -0.0094856 0.0018540 
255  0.091018 -0.99943 0.90395 -0.015053 0.0018453 
256  0.089418 -1.0079 0.90547 -0.015543 0.0018386 
257  0.094619 -0.98085 0.89914 0.0016138 0.0019050 
258  0.097219 -0.96783 0.89512 -0.015056 0.0018540 
259  0.094219 -0.98289 0.90002 -0.0044760 0.0018949 
260  0.089218 -1.0090 0.90564 0.0083037 0.0019193 
261  0.089418 -1.0079 0.90547 -0.0050481 0.0018863 
262  0.10502 -0.93054 0.87882 0.044384 0.0020911 
263  0.091818 -0.99524 0.90315 -0.0014772 0.0018898 
264  0.091818 -0.99524 0.90315 -0.012323 0.0018602 
265  0.091618 -0.99629 0.90329 -0.011807 0.0018463 
266  0.089418 -1.0079 0.90547 0.015332 0.0019443 
267  0.082216 -1.0478 0.90906 -0.010527 0.0018481 
268  0.080216 -1.0594 0.90936 -0.016768 0.0018371 
269  0.086217 -1.0252 0.90740 -0.0062345 0.0018857 
270  0.097820 -0.96487 0.89447 0.012322 0.0019351 
271  0.081816 -1.0501 0.90915 -0.011472 0.0018446 
272  0.088018 -1.0154 0.90646 -0.011318 0.0018527 
273  0.088618 -1.0122 0.90608 -0.012412 0.0018605 
274  0.086417 -1.0241 0.90729 -0.011737 0.0018512 
275  0.082016 -1.0489 0.90911 -0.012321 0.0018365 
276  0.085417 -1.0297 0.90789 -0.019757 0.0018216 
277  0.092418 -0.99213 0.90238 0.0048160 0.0019025 
278  0.093419 -0.98697 0.90100 -0.020360 0.0018281 
279  0.092218 -0.99316 0.90262 -0.019113 0.0018373 
280  0.082416 -1.0466 0.90902 -0.013156 0.0018381 
281  0.094219 -0.98289 0.90002 0.0046108 0.0019170 
282  0.089018 -1.0100 0.90582 -0.015193 0.0018486 
283  0.087217 -1.0198 0.90680 0.0014528 0.0019009 
284  0.091418 -0.99733 0.90354 -0.011421 0.0018444 
285  0.083017 -1.0432 0.90893 -0.00047305 0.0018854 
286  0.10202 -0.94458 0.88860 -1.0590e-05 0.0019098 
287  0.090818 -1.0005 0.90415 -0.010609 0.0018605 
288  0.090218 -1.0036 0.90461 -0.0067391 0.0018584 
289  0.087417 -1.0187 0.90670 -0.0085564 0.0018509 
290  0.084817 -1.0330 0.90824 -0.010843 0.0018473 
291  0.086617 -1.0230 0.90718 -0.0034007 0.0018835 
292  0.084817 -1.0330 0.90824 0.012830 0.0019102 
293  0.084017 -1.0375 0.90858 -0.0039925 0.0018687 
294  0.091018 -0.99943 0.90395 0.0061544 0.0019066 
295  0.087618 -1.0176 0.90660 0.00037506 0.0019101 
296  0.077415 -1.0762 0.90951 -0.0042488 0.0018676 
297  0.081816 -1.0501 0.90915 -0.012704 0.0018393 
298  0.089218 -1.0090 0.90564 0.0037293 0.0019192 
299  0.097019 -0.96882 0.89556 -0.0014497 0.0018931 
300  0.096819 -0.96981 0.89596 0.0023293 0.0019130 
301  0.094419 -0.98187 0.89954 -0.0072472 0.0018655 
302  0.088018 -1.0154 0.90646 -0.015950 0.0018393 
303  0.090418 -1.0026 0.90445 -0.0079269 0.0018704 
304  0.095419 -0.97681 0.89800 -0.022342 0.0018230 
305  0.083017 -1.0432 0.90893 -0.020860 0.0018215 
306  0.10882 -0.91325 0.86928 0.037361 0.0020661 
307  0.096019 -0.97380 0.89741 -0.010969 0.0018573 
308  0.088818 -1.0111 0.90595 0.0014186 0.0018946 
309  0.091218 -0.99838 0.90378 -0.0027888 0.0018818 
310  0.089818 -1.0058 0.90501 -0.0063424 0.0018700 
311  0.096019 -0.97380 0.89741 -0.0043074 0.0018959 
312  0.085217 -1.0308 0.90803 -0.011434 0.0018628 
313  0.088818 -1.0111 0.90595 0.0090573 0.0019145 
314  0.094819 -0.97984 0.89885 0.011434 0.0019483 
315  0.088418 -1.0133 0.90618 -0.012668 0.0018635 
316  0.090618 -1.0015 0.90435 -0.011760 0.0018631 
317  0.095619 -0.97581 0.89782 0.012864 0.0019628 
318  0.086617 -1.0230 0.90718 -0.020096 0.0018317 
319  0.094019 -0.98390 0.90034 -0.0076926 0.0018711 
320  0.097019 -0.96882 0.89556 0.00016175 0.0019037 
321  0.10662 -0.92319 0.87243 0.036712 0.0020561 
322  0.085817 -1.0275 0.90764 -0.011128 0.0018447 
323  0.088618 -1.0122 0.90608 -0.0097153 0.0018622 
324  0.090018 -1.0047 0.90482 -0.0062408 0.0018711 
325  0.093619 -0.98595 0.90079 0.0049811 0.0019347 
326  0.086217 -1.0252 0.90740 0.00063408 0.0018916 
327  0.092218 -0.99316 0.90262 0.0094379 0.0019036 
328  0.088218 -1.0143 0.90633 -0.013958 0.0018441 
329  0.091818 -0.99524 0.90315 -0.0031419 0.0018760 
330  0.084817 -1.0330 0.90824 -0.0082373 0.0018519 
331  0.086417 -1.0241 0.90729 -0.0068940 0.0018605 
332  0.088818 -1.0111 0.90595 -0.012308 0.0018570 
333  0.089618 -1.0068 0.90523 -0.0042071 0.0018744 
334  0.10022 -0.95318 0.89208 0.013262 0.0019461 
335  0.091418 -0.99733 0.90354 -0.015132 0.0018492 
336  0.084217 -1.0364 0.90852 -0.00073488 0.0018885 
337  0.081816 -1.0501 0.90915 -0.013255 0.0018456 
338  0.094219 -0.98289 0.90002 -0.0079961 0.0018785 
339  0.088818 -1.0111 0.90595 -0.015979 0.0018365 
340  0.088418 -1.0133 0.90618 -0.0044293 0.0018891 
341  0.094219 -0.98289 0.90002 -0.028944 0.0018191 
342  0.091618 -0.99629 0.90329 0.011127 0.0019296 
343  0.088618 -1.0122 0.90608 0.011985 0.0019277 
344  0.090618 -1.0015 0.90435 -0.0082424 0.0018717 
345  0.090618 -1.0015 0.90435 -0.012711 0.0018528 
346  0.086017 -1.0264 0.90752 -0.0028664 0.0018634 
347  0.095219 -0.97782 0.89830 0.015192 0.0019944 
348  0.090818 -1.0005 0.90415 -0.0018546 0.0018979 
349  0.085417 -1.0297 0.90789 -0.013190 0.0018459 
350  0.086017 -1.0264 0.90752 -0.020459 0.0018221 
351  0.084617 -1.0341 0.90832 -0.0072963 0.0018602 
352  0.092218 -0.99316 0.90262 -0.0076271 0.0018736 
353  0.082016 -1.0489 0.90911 -0.0068244 0.0018538 
354  0.092018 -0.99420 0.90288 -0.014737 0.0018406 
355  0.088218 -1.0143 0.90633 -0.0028905 0.0018824 
356  0.085217 -1.0308 0.90803 -0.010639 0.0018592 
357  0.082216 -1.0478 0.90906 -0.0031736 0.0018814 
358  0.097419 -0.96684 0.89488 -0.019430 0.0018373 
359  0.093019 -0.98903 0.90154 0.012431 0.0019793 
360  0.083217 -1.0421 0.90888 -0.0069394 0.0018632 
361  0.094419 -0.98187 0.89954 0.014030 0.0019504 
362  0.085817 -1.0275 0.90764 0.0024097 0.0019026 
363  0.085017 -1.0319 0.90810 -0.0032649 0.0018796 
364  0.089618 -1.0068 0.90523 -0.0046772 0.0018797 
365  0.094419 -0.98187 0.89954 0.0043114 0.0019268 
366  0.092819 -0.99006 0.90178 0.0080102 0.0019260 
367  0.093219 -0.98800 0.90125 0.0061974 0.0019118 
368  0.085017 -1.0319 0.90810 -0.0085783 0.0018671 
369  0.092418 -0.99213 0.90238 0.0077897 0.0019306 
370  0.083617 -1.0398 0.90874 -0.0081497 0.0018793 
371  0.091418 -0.99733 0.90354 0.023982 0.0019793 
372  0.086417 -1.0241 0.90729 0.0097682 0.0019472 
373  0.091818 -0.99524 0.90315 -0.0059049 0.0018931 
374  0.090818 -1.0005 0.90415 -0.013327 0.0018547 
375  0.085017 -1.0319 0.90810 -0.016425 0.0018430 
376  0.093819 -0.98493 0.90047 -0.013055 0.0018557 
377  0.10482 -0.93146 0.87957 0.033154 0.0020187 
378  0.089418 -1.0079 0.90547 0.0014770 0.0018879 
379  0.083617 -1.0398 0.90874 -0.012746 0.0018492 
380  0.096019 -0.97380 0.89741 0.016048 0.0019702 
381  0.087017 -1.0209 0.90692 0.0079917 0.0018979 
382  0.085417 -1.0297 0.90789 -0.015347 0.0018316 
383  0.086417 -1.0241 0.90729 0.0057267 0.0019171 
384  0.083417 -1.0409 0.90880 -0.010082 0.0018564 
385  0.085417 -1.0297 0.90789 -0.0081092 0.0018494 
386  0.089818 -1.0058 0.90501 -0.0085266 0.0018652 
387  0.089418 -1.0079 0.90547 0.013815 0.0019479 
388  0.096619 -0.97081 0.89645 0.024737 0.0019747 
389  0.087017 -1.0209 0.90692 -0.0030807 0.0018856 
390  0.088618 -1.0122 0.90608 -0.015486 0.0018536 
391  0.093619 -0.98595 0.90079 -0.0068536 0.0018647 
392  0.089018 -1.0100 0.90582 -0.0018510 0.0018785 
393  0.087618 -1.0176 0.90660 -0.018667 0.0018374 
394  0.086217 -1.0252 0.90740 -0.016740 0.0018379 
395  0.083217 -1.0421 0.90888 -0.016208 0.0018275 
396  0.096619 -0.97081 0.89645 -0.0066344 0.0018910 
397  0.10342 -0.93798 0.88435 0.015241 0.0019972 
398  0.084617 -1.0341 0.90832 -0.0074990 0.0018561 
399  0.085217 -1.0308 0.90803 -0.013689 0.0018380 
400  0.090818 -1.0005 0.90415 -0.0055137 0.0018746 
401  0.094619 -0.98085 0.89914 0.0062877 0.0019146 
402  0.087618 -1.0176 0.90660 0.0031309 0.0018904 
403  0.092418 -0.99213 0.90238 0.0099742 0.0019180 
404  0.090218 -1.0036 0.90461 0.0053204 0.0018946 
405  0.099420 -0.95705 0.89265 -0.0025636 0.0018933 
406  0.095219 -0.97782 0.89830 -0.0039657 0.0019031 
407  0.086217 -1.0252 0.90740 -0.018645 0.0018405 
408  0.094819 -0.97984 0.89885 0.010178 0.0019461 
409  0.084017 -1.0375 0.90858 -0.016902 0.0018352 
410  0.10102 -0.94934 0.89051 0.010775 0.0019538 
411  0.089418 -1.0079 0.90547 -0.0098679 0.0018706 
412  0.093219 -0.98800 0.90125 -0.00051781 0.0019024 
413  0.10382 -0.93611 0.88351 0.0040875 0.0019408 
414  0.087818 -1.0165 0.90653 -0.0061378 0.0018700 
415  0.082817 -1.0443 0.90896 -0.0099413 0.0018648 
416  0.087217 -1.0198 0.90680 -0.0051125 0.0018843 
417  0.079216 -1.0653 0.90946 -0.0077479 0.0018673 
418  0.089218 -1.0090 0.90564 -0.011887 0.0018605 
419  0.089818 -1.0058 0.90501 -0.010057 0.0018643 
420  0.094619 -0.98085 0.89914 0.0085131 0.0019317 
421  0.086017 -1.0264 0.90752 -0.0030720 0.0018732 
422  0.087217 -1.0198 0.90680 -0.0058205 0.0018632 
423  0.10062 -0.95126 0.89135 0.0067685 0.0019319 
424  0.094219 -0.98289 0.90002 -0.0060618 0.0018877 
425  0.094219 -0.98289 0.90002 0.0023909 0.0019065 
426  0.090018 -1.0047 0.90482 -0.00051164 0.0018971 
427  0.088418 -1.0133 0.90618 -0.0094263 0.0018585 
428  0.093619 -0.98595 0.90079 0.00088809 0.0019127 
429  0.092819 -0.99006 0.90178 -0.0019767 0.0018917 
430  0.084417 -1.0353 0.90842 -0.0055230 0.0018785 
431  0.095219 -0.97782 0.89830 -0.0023196 0.0018940 
432  0.094819 -0.97984 0.89885 0.021952 0.0019679 
433  0.096419 -0.97180 0.89674 0.015625 0.0019536 
434  0.095819 -0.97480 0.89764 -0.016539 0.0018448 
435  0.098620 -0.96094 0.89327 -0.0054888 0.0018965 
436  0.089618 -1.0068 0.90523 -0.0029343 0.0018735 
437  0.11262 -0.89648 0.85986 0.045835 0.0021160 
438  0.095819 -0.97480 0.89764 -0.0019262 0.0019035 
439  0.090018 -1.0047 0.90482 -0.00069963 0.0018781 
440  0.10022 -0.95318 0.89208 0.041892 0.0020606 
441  0.084417 -1.0353 0.90842 -0.0064616 0.0018558 
442  0.088818 -1.0111 0.90595 -0.0041689 0.0018961 
443  0.090018 -1.0047 0.90482 0.013160 0.0019262 
444  0.088618 -1.0122 0.90608 -0.017241 0.0018394 
445  0.084217 -1.0364 0.90852 -0.0014811 0.0018835 
446  0.092819 -0.99006 0.90178 0.0071348 0.0019219 
447  0.086417 -1.0241 0.90729 -0.012066 0.0018515 
448  0.096219 -0.97280 0.89701 0.032504 0.0020431 
449  0.089618 -1.0068 0.90523 -0.0018677 0.0018943 
450  0.097019 -0.96882 0.89556 0.0079393 0.0019189 
451  0.092418 -0.99213 0.90238 0.00084238 0.0019109 
452  0.089418 -1.0079 0.90547 -0.010230 0.0018625 
453  0.083817 -1.0387 0.90866 -0.011654 0.0018625 
454  0.083217 -1.0421 0.90888 -0.012141 0.0018528 
455  0.091618 -0.99629 0.90329 -0.0061954 0.0018700 
456  0.086617 -1.0230 0.90718 -0.0082960 0.0018659 
457  0.092218 -0.99316 0.90262 -0.0014232 0.0018932 
458  0.088818 -1.0111 0.90595 -0.0027973 0.0018717 
459  0.087417 -1.0187 0.90670 0.0034720 0.0018989 
460  0.085617 -1.0286 0.90781 -0.014001 0.0018466 
461  0.089418 -1.0079 0.90547 -0.017222 0.0018444 
462  0.089818 -1.0058 0.90501 -0.00071654 0.0018777 
463  0.089218 -1.0090 0.90564 -0.0059792 0.0018520 
464  0.089218 -1.0090 0.90564 0.0022031 0.0018936 
465  0.085817 -1.0275 0.90764 -0.014061 0.0018432 
466  0.090218 -1.0036 0.90461 -0.0043493 0.0018837 
467  0.090818 -1.0005 0.90415 0.0082647 0.0019404 
468  0.089018 -1.0100 0.90582 -0.015187 0.0018418 
469  0.084817 -1.0330 0.90824 -0.0086545 0.0018612 
470  0.085217 -1.0308 0.90803 -0.0013808 0.0018996 
471  0.084217 -1.0364 0.90852 -0.013526 0.0018421 
472  0.10322 -0.93892 0.88545 0.022369 0.0019813 
473  0.085817 -1.0275 0.90764 -0.0031448 0.0018707 
474  0.091218 -0.99838 0.90378 -0.022481 0.0018284 
475  0.096819 -0.96981 0.89596 0.0037179 0.0019271 
476  0.093219 -0.98800 0.90125 -0.00056662 0.0019070 
477  0.092418 -0.99213 0.90238 0.0070071 0.0019197 
478  0.093819 -0.98493 0.90047 0.0046247 0.0018945 
479  0.088018 -1.0154 0.90646 -0.018557 0.0018344 
480  0.096019 -0.97380 0.89741 -0.0090856 0.0018732 
481  0.085217 -1.0308 0.90803 -0.0086914 0.0018585 
482  0.096619 -0.97081 0.89645 0.0043042 0.0019421 
483  0.088418 -1.0133 0.90618 0.0012397 0.0018912 
484  0.10162 -0.94648 0.88971 0.022852 0.0019829 
485  0.091618 -0.99629 0.90329 -0.0037643 0.0018862 
486  0.087017 -1.0209 0.90692 -0.017573 0.0018316 
487  0.086817 -1.0220 0.90702 -0.0031746 0.0018724 
488  0.092819 -0.99006 0.90178 0.0079492 0.0019302 
489  0.089418 -1.0079 0.90547 -0.00062612 0.0019022 
490  0.084617 -1.0341 0.90832 -0.0063144 0.0018622 
491  0.086017 -1.0264 0.90752 -0.024251 0.0018349 
492  0.084217 -1.0364 0.90852 -0.010570 0.0018485 
493  0.083817 -1.0387 0.90866 0.0017433 0.0018882 
494  0.11002 -0.90790 0.86534 0.034555 0.0020562 
495  0.088018 -1.0154 0.90646 -0.0080249 0.0018647 
496  0.092619 -0.99109 0.90199 -0.0022860 0.0018858 
497  0.089418 -1.0079 0.90547 -0.0069163 0.0018581 
498  0.090018 -1.0047 0.90482 -0.0076498 0.0018771 
499  0.091418 -0.99733 0.90354 -0.014027 0.0018572 
500  0.085617 -1.0286 0.90781 -0.017131 0.0018256 
501  0.081216 -1.0536 0.90927 -0.011778 0.0018536 
502  0.091618 -0.99629 0.90329 -0.0086843 0.0018802 
503  0.081216 -1.0536 0.90927 -0.0057597 0.0018580 
504  0.10082 -0.95030 0.89081 0.034483 0.0020664 
505  0.091218 -0.99838 0.90378 -0.011242 0.0018577 
506  0.084817 -1.0330 0.90824 -0.015030 0.0018356 
507  0.090218 -1.0036 0.90461 -0.012747 0.0018458 
508  0.092418 -0.99213 0.90238 0.0061080 0.0019306 
509  0.098420 -0.96192 0.89376 0.033205 0.0020265 
510  0.095619 -0.97581 0.89782 0.0048840 0.0019355 
511  0.090418 -1.0026 0.90445 -0.0083807 0.0018664 
512  0.086817 -1.0220 0.90702 -0.017186 0.0018305 
513  0.093619 -0.98595 0.90079 -0.0044252 0.0018744 
514  0.086017 -1.0264 0.90752 -0.016538 0.0018333 
515  0.091018 -0.99943 0.90395 -0.00067975 0.0019021 
516  0.088618 -1.0122 0.90608 -0.0098815 0.0018461 
517  0.081416 -1.0524 0.90923 -0.011510 0.0018589 
518  0.083417 -1.0409 0.90880 0.0022901 0.0018950 
519  0.086417 -1.0241 0.90729 -0.0040453 0.0018769 
520  0.086617 -1.0230 0.90718 -0.020694 0.0018253 
521  0.090818 -1.0005 0.90415 0.0011254 0.0018993 
522  0.084017 -1.0375 0.90858 -0.021746 0.0018219 
523  0.087818 -1.0165 0.90653 -0.0070788 0.0018713 
524  0.084817 -1.0330 0.90824 -0.0029294 0.0019015 
525  0.093419 -0.98697 0.90100 -0.0058969 0.0018738 
526  0.10402 -0.93518 0.88149 0.023512 0.0020148 
527  0.089218 -1.0090 0.90564 -0.014392 0.0018455 
528  0.092418 -0.99213 0.90238 0.035243 0.0020198 
529  0.089018 -1.0100 0.90582 -0.013348 0.0018550 
530  0.092218 -0.99316 0.90262 0.0037381 0.0019182 
531  0.098220 -0.96290 0.89395 0.019724 0.0019624 
532  0.086217 -1.0252 0.90740 -0.0096669 0.0018575 
533  0.081216 -1.0536 0.90927 -0.011658 0.0018391 
534  0.089418 -1.0079 0.90547 -0.0073150 0.0018592 
535  0.090818 -1.0005 0.90415 0.0017013 0.0019132 
536  0.091418 -0.99733 0.90354 -0.0061748 0.0018674 
537  0.098020 -0.96388 0.89421 -0.012540 0.0018594 
538  0.084817 -1.0330 0.90824 0.0040467 0.0018903 
539  0.082817 -1.0443 0.90896 -0.010091 0.0018547 
540  0.090018 -1.0047 0.90482 -0.0055292 0.0018636 
541  0.086017 -1.0264 0.90752 -0.0015409 0.0018852 
542  0.084817 -1.0330 0.90824 -0.0087568 0.0018532 
543  0.088818 -1.0111 0.90595 -0.0091845 0.0018663 
544  0.089618 -1.0068 0.90523 0.0018638 0.0019024 
545  0.083417 -1.0409 0.90880 -0.0069025 0.0018677 
546  0.093019 -0.98903 0.90154 -0.0086694 0.0018551 
547  0.093619 -0.98595 0.90079 0.0026458 0.0019257 
548  0.086217 -1.0252 0.90740 -0.0011868 0.0018898 
549  0.087417 -1.0187 0.90670 -0.0086312 0.0018642 
550  0.090218 -1.0036 0.90461 -0.0035746 0.0018758 
551  0.092418 -0.99213 0.90238 -0.0044416 0.0018760 
552  0.094019 -0.98390 0.90034 0.0036283 0.0019243 
553  0.094219 -0.98289 0.90002 0.00028744 0.0018975 
554  0.085017 -1.0319 0.90810 -0.0056317 0.0018692 
555  0.092018 -0.99420 0.90288 -0.012186 0.0018642 
556  0.096619 -0.97081 0.89645 0.011477 0.0019612 
557  0.085017 -1.0319 0.90810 -0.011444 0.0018553 
558  0.085617 -1.0286 0.90781 -0.0061554 0.0018622 
559  0.093419 -0.98697 0.90100 -0.0031312 0.0018671 
560  0.088418 -1.0133 0.90618 -0.0050656 0.0018844 
561  0.090818 -1.0005 0.90415 -0.020072 0.0018351 
562  0.091018 -0.99943 0.90395 -0.0060825 0.0018812 
563  0.084217 -1.0364 0.90852 -0.0064690 0.0018619 
564  0.10102 -0.94934 0.89051 0.025464 0.0019914 
565  0.091218 -0.99838 0.90378 -0.0060410 0.0018786 
566  0.093219 -0.98800 0.90125 -0.0025432 0.0018993 
567  0.091818 -0.99524 0.90315 -0.0020058 0.0018839 
568  0.092218 -0.99316 0.90262 -0.0081262 0.0018663 
569  0.092819 -0.99006 0.90178 0.014931 0.0019349 
570  0.094819 -0.97984 0.89885 0.010552 0.0019419 
571  0.096819 -0.96981 0.89596 0.030524 0.0019986 
572  0.080016 -1.0606 0.90941 -0.0074461 0.0018629 
573  0.086017 -1.0264 0.90752 -0.016014 0.0018427 
574  0.083617 -1.0398 0.90874 -0.0090642 0.0018601 
575  0.091418 -0.99733 0.90354 0.015609 0.0019399 
576  0.090618 -1.0015 0.90435 -0.010285 0.0018515 
577  0.085617 -1.0286 0.90781 -0.0040389 0.0018766 
578  0.092418 -0.99213 0.90238 -0.0033457 0.0018885 
579  0.090618 -1.0015 0.90435 0.0010955 0.0018950 
580  0.082016 -1.0489 0.90911 -0.016047 0.0018362 
581  0.088218 -1.0143 0.90633 -0.0023292 0.0018775 
582  0.094619 -0.98085 0.89914 -0.0068499 0.0018814 
583  0.089818 -1.0058 0.90501 -0.0018909 0.0018810 
584  0.10502 -0.93054 0.87882 -0.0038105 0.0019238 
585  0.093619 -0.98595 0.90079 0.0013643 0.0019129 
586  0.086617 -1.0230 0.90718 -0.0074783 0.0018806 
587  0.087017 -1.0209 0.90692 -0.014351 0.0018516 
588  0.092819 -0.99006 0.90178 0.0023573 0.0019234 
589  0.093219 -0.98800 0.90125 0.0080472 0.0019364 
590  0.084417 -1.0353 0.90842 -0.017020 0.0018352 
591  0.10062 -0.95126 0.89135 0.036159 0.0020275 
592  0.083817 -1.0387 0.90866 -0.0078597 0.0018613 
593  0.097419 -0.96684 0.89488 0.014296 0.0019410 
594  0.091218 -0.99838 0.90378 0.0053113 0.0019251 
595  0.085617 -1.0286 0.90781 -0.0041675 0.0018675 
596  0.091418 -0.99733 0.90354 0.010768 0.0019337 
597  0.094619 -0.98085 0.89914 -0.0011680 0.0018997 
598  0.091818 -0.99524 0.90315 -0.0084993 0.0018656 
599  0.12663 -0.83868 0.82787 0.087977 0.0023799 
600  0.093619 -0.98595 0.90079 -0.0061268 0.0018839 
601  0.091218 -0.99838 0.90378 -0.021856 0.0018447 
602  0.094019 -0.98390 0.90034 0.00067559 0.0018918 
603  0.089018 -1.0100 0.90582 -0.0055405 0.0018772 
604  0.10022 -0.95318 0.89208 0.041641 0.0020617 
605  0.092218 -0.99316 0.90262 0.0027336 0.0019021 
606  0.089418 -1.0079 0.90547 -0.011551 0.0018759 
607  0.084817 -1.0330 0.90824 -0.010212 0.0018572 
608  0.079616 -1.0630 0.90944 -0.0042309 0.0018574 
609  0.087818 -1.0165 0.90653 0.00031946 0.0018779 
610  0.099020 -0.95899 0.89307 0.0037860 0.0019211 
611  0.10202 -0.94458 0.88860 0.027520 0.0020114 
612  0.089018 -1.0100 0.90582 -0.0094891 0.0018494 
613  0.086017 -1.0264 0.90752 -0.0020144 0.0018856 
614  0.093019 -0.98903 0.90154 -0.013104 0.0018620 
615  0.089418 -1.0079 0.90547 0.0051662 0.0019194 
616  0.084617 -1.0341 0.90832 -0.0038380 0.0018670 
617  0.097019 -0.96882 0.89556 0.0042049 0.0019249 
618  0.085417 -1.0297 0.90789 -0.0048387 0.0018726 
619  0.096419 -0.97180 0.89674 0.027470 0.0020313 
620  0.086817 -1.0220 0.90702 -0.013940 0.0018413 
621  0.086817 -1.0220 0.90702 -0.0073422 0.0018825 
622  0.086617 -1.0230 0.90718 -0.012983 0.0018467 
623  0.089218 -1.0090 0.90564 -0.010547 0.0018874 
624  0.092418 -0.99213 0.90238 -0.0037644 0.0018727 
625  0.091218 -0.99838 0.90378 -0.015026 0.0018448 
626  0.10062 -0.95126 0.89135 0.00013984 0.0019110 
627  0.089418 -1.0079 0.90547 -0.0018182 0.0018907 
628  0.084217 -1.0364 0.90852 0.0090744 0.0019350 
629  0.089018 -1.0100 0.90582 -0.0022202 0.0018843 
630  0.099020 -0.95899 0.89307 0.038856 0.0020320 
631  0.079816 -1.0618 0.90942 -0.013109 0.0018479 
632  0.085817 -1.0275 0.90764 -0.0059222 0.0018795 
633  0.091218 -0.99838 0.90378 -0.011762 0.0018523 
634  0.088018 -1.0154 0.90646 -0.015524 0.0018488 
635  0.081416 -1.0524 0.90923 -0.0043182 0.0018670 
636  0.092418 -0.99213 0.90238 -0.016201 0.0018369 
637  0.084817 -1.0330 0.90824 -0.0085939 0.0018548 
638  0.091818 -0.99524 0.90315 -0.0041979 0.0018885 
639  0.10222 -0.94363 0.88794 0.026758 0.0020115 
640  0.093019 -0.98903 0.90154 0.00048807 0.0019049 
641  0.085617 -1.0286 0.90781 0.0031801 0.0019049 
642  0.085017 -1.0319 0.90810 -0.011301 0.0018479 
643  0.085817 -1.0275 0.90764 0.0041930 0.0019105 
644  0.094219 -0.98289 0.90002 0.0027907 0.0019125 
645  0.087618 -1.0176 0.90660 -0.0041021 0.0018844 
646  0.089618 -1.0068 0.90523 -0.0070578 0.0019024 
647  0.089818 -1.0058 0.90501 -0.0090205 0.0018556 
648  0.091618 -0.99629 0.90329 -0.0029233 0.0018761 
649  0.085217 -1.0308 0.90803 -0.0051596 0.0018630 
650  0.098420 -0.96192 0.89376 0.00062858 0.0019013 
651  0.096619 -0.97081 0.89645 0.0017390 0.0019223 
652  0.091218 -0.99838 0.90378 -0.0027848 0.0018858 
653  0.089618 -1.0068 0.90523 -0.010169 0.0018510 
654  0.083817 -1.0387 0.90866 -0.0068956 0.0018456 
655  0.085417 -1.0297 0.90789 -0.0089104 0.0018590 
656  0.096419 -0.97180 0.89674 0.0072996 0.0019704 
657  0.081216 -1.0536 0.90927 -0.010111 0.0018571 
658  0.088818 -1.0111 0.90595 -0.018423 0.0018241 
659  0.084017 -1.0375 0.90858 -0.016254 0.0018369 
660  0.085217 -1.0308 0.90803 -0.0064727 0.0018724 
661  0.084817 -1.0330 0.90824 -0.015307 0.0018461 
662  0.10042 -0.95222 0.89148 0.030841 0.0020180 
663  0.085817 -1.0275 0.90764 -0.0049206 0.0018694 
664  0.10242 -0.94269 0.88771 0.025551 0.0020019 
665  0.076815 -1.0798 0.90953 -0.011516 0.0018540 
666  0.086617 -1.0230 0.90718 -0.0039969 0.0018837 
667  0.086217 -1.0252 0.90740 -0.0071785 0.0018719 
668  0.091418 -0.99733 0.90354 -0.0094107 0.0018460 
669  0.084617 -1.0341 0.90832 -0.0018909 0.0018657 
670  0.092218 -0.99316 0.90262 -0.0088450 0.0018554 
671  0.084617 -1.0341 0.90832 -0.012882 0.0018413 
672  0.086017 -1.0264 0.90752 -0.0071854 0.0018746 
673  0.089018 -1.0100 0.90582 -0.013927 0.0018581 
674  0.088018 -1.0154 0.90646 -0.0051640 0.0018901 
675  0.096419 -0.97180 0.89674 0.012892 0.0019284 
676  0.093619 -0.98595 0.90079 9.5049e-05 0.0018858 
677  0.084017 -1.0375 0.90858 -0.014210 0.0018313 
678  0.082617 -1.0455 0.90899 -0.0086022 0.0018503 
679  0.090218 -1.0036 0.90461 -0.014014 0.0018422 
680  0.083417 -1.0409 0.90880 -0.0012573 0.0018701 
681  0.090418 -1.0026 0.90445 -0.00054565 0.0018956 
682  0.086417 -1.0241 0.90729 0.00036167 0.0019002 
683  0.088418 -1.0133 0.90618 -0.0027002 0.0018906 
684  0.094019 -0.98390 0.90034 -0.0032077 0.0018777 
685  0.089418 -1.0079 0.90547 -0.0096829 0.0018551 
686  0.083617 -1.0398 0.90874 -0.0092692 0.0018581 
687  0.085617 -1.0286 0.90781 -0.0062375 0.0018704 
688  0.085817 -1.0275 0.90764 -0.0072631 0.0018566 
689  0.086817 -1.0220 0.90702 -0.00084519 0.0018693 
690  0.092018 -0.99420 0.90288 0.016242 0.0019404 
691  0.084417 -1.0353 0.90842 -0.0080708 0.0018602 
692  0.083817 -1.0387 0.90866 -0.018496 0.0018340 
693  0.16623 -0.70033 0.79536 0.17197 0.0028441 
694  0.087017 -1.0209 0.90692 -0.0082541 0.0018609 
695  0.096619 -0.97081 0.89645 0.0096780 0.0019431 
696  0.093819 -0.98493 0.90047 0.0045093 0.0019146 
697  0.094619 -0.98085 0.89914 0.013983 0.0019317 
698  0.092018 -0.99420 0.90288 -0.011312 0.0018599 
699  0.091618 -0.99629 0.90329 -0.017529 0.0018521 
700  0.094219 -0.98289 0.90002 -0.014689 0.0018584 
701  0.089618 -1.0068 0.90523 -0.011849 0.0018497 
702  0.097419 -0.96684 0.89488 0.0091838 0.0019656 
703  0.096019 -0.97380 0.89741 0.0096420 0.0019377 
704  0.096019 -0.97380 0.89741 -0.0019597 0.0018763 
705  0.084617 -1.0341 0.90832 -0.0050760 0.0018733 
706  0.081416 -1.0524 0.90923 -0.0044524 0.0018598 
707  0.084417 -1.0353 0.90842 -0.012123 0.0018465 
708  0.094019 -0.98390 0.90034 -0.015210 0.0018412 
709  0.092018 -0.99420 0.90288 -0.020906 0.0018395 
710  0.091218 -0.99838 0.90378 -0.023368 0.0018245 
711  0.093619 -0.98595 0.90079 0.011433 0.0019668 
712  0.087417 -1.0187 0.90670 -0.0019750 0.0018815 
713  0.091418 -0.99733 0.90354 -0.019345 0.0018401 
714  0.093619 -0.98595 0.90079 -0.013958 0.0018700 
715  0.092218 -0.99316 0.90262 -0.0087695 0.0018547 
716  0.089618 -1.0068 0.90523 -0.014931 0.0018482 
717  0.096619 -0.97081 0.89645 0.0033072 0.0019113 
718  0.085217 -1.0308 0.90803 -0.011789 0.0018421 
719  0.096019 -0.97380 0.89741 -0.0056126 0.0018737 
720  0.089018 -1.0100 0.90582 -0.0099604 0.0018509 
721  0.089218 -1.0090 0.90564 -0.014212 0.0018592 
722  0.086617 -1.0230 0.90718 -0.0027699 0.0018839 
723  0.090618 -1.0015 0.90435 0.0039771 0.0018963 
724  0.090218 -1.0036 0.90461 -0.015408 0.0018441 
725  0.087818 -1.0165 0.90653 -0.0085745 0.0018628 
726  0.093019 -0.98903 0.90154 -0.013142 0.0018397 
727  0.091218 -0.99838 0.90378 -0.0078673 0.0018801 
728  0.089018 -1.0100 0.90582 -0.015142 0.0018371 
729  0.087618 -1.0176 0.90660 -0.0051174 0.0018730 
730  0.090018 -1.0047 0.90482 -0.014787 0.0018439 
731  0.092619 -0.99109 0.90199 0.013441 0.0019418 
732  0.092418 -0.99213 0.90238 -0.00025098 0.0018949 
733  0.096219 -0.97280 0.89701 0.013604 0.0019713 
734  0.085417 -1.0297 0.90789 -0.0027807 0.0018955 
735  0.083817 -1.0387 0.90866 -0.0092295 0.0018650 
736  0.085617 -1.0286 0.90781 0.00089624 0.0018877 
737  0.084217 -1.0364 0.90852 -0.010855 0.0018659 
738  0.092018 -0.99420 0.90288 -0.0069604 0.0018695 
739  0.088018 -1.0154 0.90646 -0.0021977 0.0019035 
740  0.090018 -1.0047 0.90482 2.1870e-05 0.0018907 
741  0.10062 -0.95126 0.89135 0.021940 0.0019583 
742  0.089818 -1.0058 0.90501 0.00020376 0.0018963 
743  0.095219 -0.97782 0.89830 -0.015701 0.0018418 
744  0.092218 -0.99316 0.90262 -0.0096484 0.0018563 
745  0.097019 -0.96882 0.89556 0.018941 0.0020086 
746  0.085817 -1.0275 0.90764 -0.011641 0.0018417 
747  0.094019 -0.98390 0.90034 -0.0076121 0.0018805 
748  0.088818 -1.0111 0.90595 -0.017981 0.0018403 
749  0.091418 -0.99733 0.90354 -0.012516 0.0018620 
750  0.085217 -1.0308 0.90803 -0.0065763 0.0018769 
751  0.089618 -1.0068 0.90523 0.010148 0.0019360 
752  0.092418 -0.99213 0.90238 -0.0054932 0.0018730 
753  0.088618 -1.0122 0.90608 -0.012751 0.0018545 
754  0.087818 -1.0165 0.90653 -0.0025117 0.0018845 
755  0.090818 -1.0005 0.90415 -0.0045470 0.0019187 
756  0.095219 -0.97782 0.89830 -0.0026861 0.0018958 
757  0.098220 -0.96290 0.89395 0.016486 0.0019659 
758  0.089418 -1.0079 0.90547 -0.00042663 0.0018977 
759  0.094019 -0.98390 0.90034 -0.0012827 0.0018924 
760  0.085817 -1.0275 0.90764 -0.0072661 0.0018593 
761  0.11522 -0.88529 0.84610 0.050040 0.0021588 
762  0.084817 -1.0330 0.90824 -0.0023954 0.0018721 
763  0.084017 -1.0375 0.90858 0.0065629 0.0018921 
764  0.087017 -1.0209 0.90692 -0.0088310 0.0018707 
765  0.082416 -1.0466 0.90902 -0.011341 0.0018457 
766  0.097419 -0.96684 0.89488 0.020270 0.0019776 
767  0.083017 -1.0432 0.90893 -0.011454 0.0018500 
768  0.090018 -1.0047 0.90482 -0.0033149 0.0018875 
769  0.077816 -1.0738 0.90950 -0.0098854 0.0018380 
770  0.089818 -1.0058 0.90501 0.00077448 0.0019080 
771  0.090618 -1.0015 0.90435 -0.0033708 0.0018785 
772  0.085817 -1.0275 0.90764 -0.011192 0.0018463 
773  0.089018 -1.0100 0.90582 -0.015432 0.0018504 
774  0.086217 -1.0252 0.90740 -0.017852 0.0018429 
775  0.087818 -1.0165 0.90653 -0.0066170 0.0018758 
776  0.10322 -0.93892 0.88545 0.030544 0.0020508 
777  0.090418 -1.0026 0.90445 -0.0074011 0.0018539 
778  0.091418 -0.99733 0.90354 0.0022390 0.0019114 
779  0.097219 -0.96783 0.89512 -0.0048222 0.0018809 
780  0.092418 -0.99213 0.90238 -0.0023227 0.0019099 
781  0.084217 -1.0364 0.90852 -0.014641 0.0018411 
782  0.10762 -0.91865 0.87093 0.033209 0.0020388 
783  0.10302 -0.93986 0.88638 0.017599 0.0019692 
784  0.091618 -0.99629 0.90329 0.0015457 0.0019067 
785  0.081616 -1.0512 0.90920 -0.021137 0.0018264 
786  0.085617 -1.0286 0.90781 0.0025579 0.0019074 
787  0.086617 -1.0230 0.90718 -0.0044506 0.0018765 
788  0.092819 -0.99006 0.90178 0.0086099 0.0019236 
789  0.091818 -0.99524 0.90315 0.0033771 0.0019073 
790  0.086617 -1.0230 0.90718 -0.013110 0.0018429 
791  0.088218 -1.0143 0.90633 0.017587 0.0019584 
792  0.090018 -1.0047 0.90482 -0.0094776 0.0018538 
793  0.086217 -1.0252 0.90740 -0.0047468 0.0018795 
794  0.092619 -0.99109 0.90199 -0.0031278 0.0018658 
795  0.085617 -1.0286 0.90781 -0.012198 0.0018590 
796  0.083017 -1.0432 0.90893 -0.0095112 0.0018624 
797  0.088618 -1.0122 0.90608 -0.010767 0.0018572 
798  0.10162 -0.94648 0.88971 0.0026244 0.0019120 
799  0.089818 -1.0058 0.90501 -0.016146 0.0018465 
800  0.088418 -1.0133 0.90618 -0.0080908 0.0018552 
801  0.11962 -0.86685 0.83837 0.081815 0.0023506 
802  0.084817 -1.0330 0.90824 -0.014822 0.0018452 
803  0.084417 -1.0353 0.90842 -0.014330 0.0018485 
804  0.086817 -1.0220 0.90702 -0.0052968 0.0018720 
805  0.094819 -0.97984 0.89885 -0.0014990 0.0019020 
806  0.092619 -0.99109 0.90199 -0.011607 0.0018639 
807  0.089018 -1.0100 0.90582 0.017393 0.0019495 
808  0.085217 -1.0308 0.90803 -0.011917 0.0018534 
809  0.085617 -1.0286 0.90781 0.0021036 0.0018827 
810  0.099420 -0.95705 0.89265 0.033008 0.0020216 
811  0.078216 -1.0713 0.90948 -0.0076205 0.0018619 
812  0.087017 -1.0209 0.90692 -0.017890 0.0018384 
813  0.10142 -0.94743 0.88988 0.0023672 0.0019085 
814  0.079616 -1.0630 0.90944 -2.7881e-05 0.0018814 
815  0.088218 -1.0143 0.90633 -0.013204 0.0018455 
816  0.089618 -1.0068 0.90523 -0.00046678 0.0018981 
817  0.10002 -0.95415 0.89220 0.015688 0.0019720 
818  0.096219 -0.97280 0.89701 0.016707 0.0019404 
819  0.094219 -0.98289 0.90002 0.0088731 0.0019466 
820  0.089618 -1.0068 0.90523 0.0030243 0.0018978 
821  0.091818 -0.99524 0.90315 -0.017870 0.0018465 
822  0.092819 -0.99006 0.90178 0.011301 0.0019416 
823  0.092819 -0.99006 0.90178 -0.013708 0.0018525 
824  0.088018 -1.0154 0.90646 -0.011128 0.0018604 
825  0.094419 -0.98187 0.89954 0.00094754 0.0019192 
826  0.10022 -0.95318 0.89208 0.026773 0.0020068 
827  0.087017 -1.0209 0.90692 0.0011529 0.0018843 
828  0.092418 -0.99213 0.90238 -0.0065168 0.0018674 
829  0.10122 -0.94839 0.89004 0.031071 0.0020538 
830  0.094819 -0.97984 0.89885 0.032403 0.0020179 
831  0.083217 -1.0421 0.90888 -0.017806 0.0018343 
832  0.093619 -0.98595 0.90079 -0.0025589 0.0018963 
833  0.089618 -1.0068 0.90523 -0.0099363 0.0018764 
834  0.089818 -1.0058 0.90501 -0.010228 0.0018592 
835  0.086217 -1.0252 0.90740 -0.023246 0.0018318 
836  0.090618 -1.0015 0.90435 0.010286 0.0019423 
837  0.085817 -1.0275 0.90764 -0.0046320 0.0018725 
838  0.094219 -0.98289 0.90002 0.0018894 0.0019164 
839  0.082817 -1.0443 0.90896 -0.011258 0.0018613 
840  0.085817 -1.0275 0.90764 -0.0012134 0.0018850 
841  0.087417 -1.0187 0.90670 0.0089613 0.0019052 
842  0.10502 -0.93054 0.87882 0.038159 0.0020670 
843  0.092418 -0.99213 0.90238 0.0039705 0.0019339 
844  0.083417 -1.0409 0.90880 -0.0052686 0.0018577 
845  0.090018 -1.0047 0.90482 -0.012218 0.0018681 
846  0.092218 -0.99316 0.90262 -0.0048253 0.0018848 
847  0.092418 -0.99213 0.90238 -0.0053277 0.0018716 
848  0.090418 -1.0026 0.90445 -0.010036 0.0018591 
849  0.080816 -1.0559 0.90931 -0.0085132 0.0018596 
850  0.087217 -1.0198 0.90680 -0.0043020 0.0018925 
851  0.089018 -1.0100 0.90582 0.0026223 0.0019047 
852  0.10262 -0.94174 0.88695 0.035782 0.0020776 
853  0.087618 -1.0176 0.90660 -0.0070700 0.0018831 
854  0.094019 -0.98390 0.90034 -0.0015017 0.0018873 
855  0.088418 -1.0133 0.90618 -0.0098064 0.0018564 
856  0.090818 -1.0005 0.90415 -0.0071798 0.0018615 
857  0.091418 -0.99733 0.90354 -0.00084932 0.0018824 
858  0.091018 -0.99943 0.90395 -0.0016032 0.0018802 
859  0.088218 -1.0143 0.90633 -0.012174 0.0018519 
860  0.089018 -1.0100 0.90582 -0.0096028 0.0018488 
861  0.091218 -0.99838 0.90378 -0.016362 0.0018398 
862  0.083417 -1.0409 0.90880 0.0039781 0.0019154 
863  0.093819 -0.98493 0.90047 0.0053092 0.0019061 
864  0.10182 -0.94553 0.88918 0.017371 0.0019565 
865  0.090018 -1.0047 0.90482 -0.0016149 0.0018819 
866  0.087818 -1.0165 0.90653 0.0060562 0.0019221 
867  0.096219 -0.97280 0.89701 -0.0025912 0.0018862 
868  0.091018 -0.99943 0.90395 0.0094563 0.0019293 
869  0.093219 -0.98800 0.90125 -0.0025347 0.0018746 
870  0.088218 -1.0143 0.90633 -0.021069 0.0018410 
871  0.085617 -1.0286 0.90781 -0.017539 0.0018266 
872  0.084417 -1.0353 0.90842 -0.012948 0.0018528 
873  0.086417 -1.0241 0.90729 -0.013183 0.0018436 
874  0.087417 -1.0187 0.90670 0.0047105 0.0019034 
875  0.089218 -1.0090 0.90564 -0.0042778 0.0018854 
876  0.093019 -0.98903 0.90154 0.00049822 0.0019110 
877  0.090618 -1.0015 0.90435 -0.019253 0.0018406 
878  0.089218 -1.0090 0.90564 -0.016521 0.0018446 
879  0.083617 -1.0398 0.90874 -0.0086549 0.0018599 
880  0.081616 -1.0512 0.90920 -0.0098130 0.0018442 
881  0.087417 -1.0187 0.90670 -0.0013777 0.0018786 
882  0.091418 -0.99733 0.90354 -0.00032840 0.0018994 
883  0.094019 -0.98390 0.90034 -0.0012953 0.0019077 
884  0.090218 -1.0036 0.90461 0.015461 0.0019772 
885  0.095219 -0.97782 0.89830 -0.012369 0.0018476 
886  0.089818 -1.0058 0.90501 -0.012106 0.0018620 
887  0.091818 -0.99524 0.90315 0.0054973 0.0019051 
888  0.085617 -1.0286 0.90781 -0.0010917 0.0018754 
889  0.083817 -1.0387 0.90866 -0.011852 0.0018433 
890  0.093219 -0.98800 0.90125 0.0015518 0.0019122 
891  0.088818 -1.0111 0.90595 -0.0011358 0.0018879 
892  0.10182 -0.94553 0.88918 0.028059 0.0020375 
893  0.090018 -1.0047 0.90482 0.0035638 0.0019010 
894  0.085617 -1.0286 0.90781 -0.0011679 0.0018779 
895  0.083017 -1.0432 0.90893 -0.013687 0.0018452 
896  0.091818 -0.99524 0.90315 0.0044888 0.0019078 
897  0.093019 -0.98903 0.90154 0.0074531 0.0019094 
898  0.088018 -1.0154 0.90646 -0.0074722 0.0018641 
899  0.078216 -1.0713 0.90948 -0.0047386 0.0018606 
900  0.095019 -0.97883 0.89846 0.010308 0.0019140 
901  0.092819 -0.99006 0.90178 0.0063716 0.0019411 
902  0.082617 -1.0455 0.90899 -0.014670 0.0018289 
903  0.086817 -1.0220 0.90702 0.00053732 0.0018895 
904  0.092418 -0.99213 0.90238 -0.014228 0.0018439 
905  0.095819 -0.97480 0.89764 -0.0081488 0.0018716 
906  0.15263 -0.74443 0.81270 0.16089 0.0028562 
907  0.080016 -1.0606 0.90941 -0.015820 0.0018399 
908  0.093419 -0.98697 0.90100 0.018130 0.0019521 
909  0.086017 -1.0264 0.90752 -0.0086246 0.0018653 
910  0.089618 -1.0068 0.90523 -0.00030078 0.0018899 
911  0.083617 -1.0398 0.90874 -0.0059949 0.0018738 
912  0.083417 -1.0409 0.90880 0.0023399 0.0018836 
913  0.086217 -1.0252 0.90740 -0.0023523 0.0018767 
914  0.088218 -1.0143 0.90633 -0.017765 0.0018520 
915  0.086417 -1.0241 0.90729 -0.0024773 0.0018732 
916  0.088618 -1.0122 0.90608 -0.011045 0.0018490 
917  0.090418 -1.0026 0.90445 0.0036697 0.0019168 
918  0.080016 -1.0606 0.90941 -0.0074210 0.0018636 
919  0.086817 -1.0220 0.90702 -0.016476 0.0018448 
920  0.093419 -0.98697 0.90100 -0.0081500 0.0018837 
921  0.076815 -1.0798 0.90953 -0.018463 0.0018266 
922  0.095019 -0.97883 0.89846 -0.00010367 0.0019041 
923  0.083217 -1.0421 0.90888 -0.0088653 0.0018601 
924  0.090618 -1.0015 0.90435 0.0068256 0.0019541 
925  0.085217 -1.0308 0.90803 -0.0070634 0.0018492 
926  0.092819 -0.99006 0.90178 -0.00096495 0.0018828 
927  0.093619 -0.98595 0.90079 0.017406 0.0019682 
928  0.087017 -1.0209 0.90692 0.0044891 0.0019127 
929  0.089618 -1.0068 0.90523 0.0059293 0.0019009 
930  0.093219 -0.98800 0.90125 0.0042558 0.0019082 
931  0.089818 -1.0058 0.90501 -0.011575 0.0018518 
932  0.091218 -0.99838 0.90378 0.0039431 0.0019230 
933  0.084017 -1.0375 0.90858 -0.0083500 0.0018557 
934  0.096219 -0.97280 0.89701 -0.013212 0.0018513 
935  0.086817 -1.0220 0.90702 -0.015193 0.0018319 
936  0.10462 -0.93239 0.88088 0.018628 0.0019780 
937  0.094019 -0.98390 0.90034 -0.011750 0.0018577 
938  0.090818 -1.0005 0.90415 0.0039248 0.0019093 
939  0.088818 -1.0111 0.90595 -0.014609 0.0018448 
940  0.099620 -0.95608 0.89231 0.029072 0.0019996 
941  0.084217 -1.0364 0.90852 -0.016956 0.0018337 
942  0.091418 -0.99733 0.90354 -0.0050393 0.0019025 
943  0.10242 -0.94269 0.88771 0.031780 0.0020303 
944  0.089418 -1.0079 0.90547 0.0087022 0.0019584 
945  0.092418 -0.99213 0.90238 -0.0020421 0.0018853 
946  0.084417 -1.0353 0.90842 -0.019835 0.0018362 
947  0.089018 -1.0100 0.90582 -0.019583 0.0018313 
948  0.087217 -1.0198 0.90680 -0.010765 0.0018765 
949  0.10022 -0.95318 0.89208 -0.0030778 0.0018984 
950  0.10502 -0.93054 0.87882 0.043127 0.0020893 
951  0.089218 -1.0090 0.90564 -0.0076547 0.0018646 
952  0.097219 -0.96783 0.89512 -0.011005 0.0018737 
953  0.084417 -1.0353 0.90842 -0.0012012 0.0019136 
954  0.090018 -1.0047 0.90482 -0.0011402 0.0018814 
955  0.090218 -1.0036 0.90461 0.0047525 0.0019257 
956  0.093219 -0.98800 0.90125 -0.017460 0.0018461 
957  0.090418 -1.0026 0.90445 -0.0024818 0.0018808 
958  0.093019 -0.98903 0.90154 0.0043825 0.0018977 
959  0.089818 -1.0058 0.90501 -0.0064073 0.0018612 
960  0.082617 -1.0455 0.90899 -0.016713 0.0018356 
961  0.087618 -1.0176 0.90660 -0.00089295 0.0018923 
962  0.095819 -0.97480 0.89764 -0.011237 0.0018746 
963  0.092619 -0.99109 0.90199 -0.010915 0.0018580 
964  0.081616 -1.0512 0.90920 -0.0016662 0.0018797 
965  0.096019 -0.97380 0.89741 0.014371 0.0019477 
966  0.091618 -0.99629 0.90329 -0.0011172 0.0018975 
967  0.10162 -0.94648 0.88971 0.025409 0.0020100 
968  0.082016 -1.0489 0.90911 -0.010375 0.0018496 
969  0.089218 -1.0090 0.90564 -0.0042106 0.0018774 
970  0.083417 -1.0409 0.90880 -0.0037103 0.0018619 
971  0.089418 -1.0079 0.90547 -0.0034327 0.0018723 
972  0.097820 -0.96487 0.89447 0.026277 0.0019752 
973  0.091018 -0.99943 0.90395 -0.0090021 0.0018702 
974  0.10302 -0.93986 0.88638 0.023038 0.0020139 
975  0.091818 -0.99524 0.90315 -0.010764 0.0018676 
976  0.087017 -1.0209 0.90692 0.0059511 0.0019058 
977  0.090218 -1.0036 0.90461 -0.0059407 0.0018713 
978  0.080816 -1.0559 0.90931 -0.018678 0.0018241 
979  0.093019 -0.98903 0.90154 0.0027670 0.0019297 
980  0.091018 -0.99943 0.90395 -0.0028511 0.0018754 
981  0.091418 -0.99733 0.90354 0.0087049 0.0019440 
982  0.083217 -1.0421 0.90888 -0.0073760 0.0018716 
983  0.084817 -1.0330 0.90824 -0.011046 0.0018607 
984  0.095019 -0.97883 0.89846 -0.0051614 0.0018741 
985  0.091218 -0.99838 0.90378 -0.0041596 0.0018890 
986  0.091818 -0.99524 0.90315 -0.00081220 0.0019065 
987  0.096819 -0.96981 0.89596 0.013739 0.0019568 
988  0.082216 -1.0478 0.90906 -0.0069974 0.0018548 
989  0.086017 -1.0264 0.90752 -0.013127 0.0018650 
990  0.085617 -1.0286 0.90781 -0.019396 0.0018403 
991  0.10322 -0.93892 0.88545 0.0085760 0.0019365 
992  0.089618 -1.0068 0.90523 -0.0014526 0.0019011 
993  0.090618 -1.0015 0.90435 -0.016400 0.0018352 
994  0.092619 -0.99109 0.90199 0.0046746 0.0019125 
995  0.091818 -0.99524 0.90315 -0.0016932 0.0018823 
996  0.090218 -1.0036 0.90461 0.0055647 0.0019026 
997  0.092018 -0.99420 0.90288 0.013993 0.0019418 
998  0.089218 -1.0090 0.90564 -0.017150 0.0018381 
999  0.085217 -1.0308 0.90803 -0.0053795 0.0018599 
1000  0.089018 -1.0100 0.90582 -0.019350 0.0018361 
1001  0.081416 -1.0524 0.90923 -0.0032742 0.0018727 
1002  0.084417 -1.0353 0.90842 -0.011775 0.0018570 
1003  0.085217 -1.0308 0.90803 -0.013509 0.0018684 
1004  0.092218 -0.99316 0.90262 -0.0093993 0.0018638 
1005  0.090418 -1.0026 0.90445 -0.00046368 0.0018881 
1006  0.090618 -1.0015 0.90435 -0.0017999 0.0018881 
1007  0.11262 -0.89648 0.85986 0.038549 0.0020968 
1008  0.088218 -1.0143 0.90633 0.0019487 0.0018909 
1009  0.092619 -0.99109 0.90199 0.0040876 0.0019137 
1010  0.084617 -1.0341 0.90832 0.00017941 0.0018915 
1011  0.084617 -1.0341 0.90832 -0.0078337 0.0018450 
1012  0.089418 -1.0079 0.90547 -0.010038 0.0018630 
1013  0.10382 -0.93611 0.88351 0.0095242 0.0019537 
1014  0.085017 -1.0319 0.90810 -0.0033846 0.0018848 
1015  0.089818 -1.0058 0.90501 -0.0052026 0.0018803 
1016  0.089618 -1.0068 0.90523 -0.0089936 0.0018688 
1017  0.080616 -1.0571 0.90933 -0.0084059 0.0018433 
1018  0.087217 -1.0198 0.90680 -0.0038801 0.0018846 
1019  0.082416 -1.0466 0.90902 -0.011713 0.0018530 
1020  0.084817 -1.0330 0.90824 -0.017875 0.0018317 
1021  0.091818 -0.99524 0.90315 -0.0034457 0.0019081 
1022  0.096819 -0.96981 0.89596 0.020624 0.0019653 
1023  0.081616 -1.0512 0.90920 -0.00066527 0.0018776 
1024  0.088218 -1.0143 0.90633 -0.010854 0.0018527 
1025  0.096819 -0.96981 0.89596 0.038597 0.0020736 
1026  0.094019 -0.98390 0.90034 -0.015480 0.0018479 
1027  0.10182 -0.94553 0.88918 0.028772 0.0020080 
1028  0.090218 -1.0036 0.90461 -0.013426 0.0018798 
1029  0.086617 -1.0230 0.90718 -0.022884 0.0018292 
1030  0.083817 -1.0387 0.90866 -0.018785 0.0018432 
1031  0.089218 -1.0090 0.90564 0.0020171 0.0019197 
1032  0.095219 -0.97782 0.89830 0.020641 0.0019659 
1033  0.094819 -0.97984 0.89885 -0.0051466 0.0018875 
1034  0.091018 -0.99943 0.90395 0.0059470 0.0019138 
1035  0.083017 -1.0432 0.90893 -0.0031392 0.0018709 
1036  0.089818 -1.0058 0.90501 -0.015742 0.0018417 
1037  0.097019 -0.96882 0.89556 0.0040331 0.0019100 
1038  0.082817 -1.0443 0.90896 -0.0084693 0.0018568 
1039  0.090018 -1.0047 0.90482 -0.0091536 0.0018809 
1040  0.085617 -1.0286 0.90781 -0.012253 0.0018373 
1041  0.093219 -0.98800 0.90125 -0.0015464 0.0018855 
1042  0.092619 -0.99109 0.90199 -0.0041816 0.0018819 
1043  0.087417 -1.0187 0.90670 -0.0042206 0.0018630 
1044  0.080016 -1.0606 0.90941 -0.0087940 0.0018390 
1045  0.085217 -1.0308 0.90803 -0.0062078 0.0018634 
1046  0.24305 -0.49337 0.75695 0.36211 0.0042251 
1047  0.090818 -1.0005 0.90415 0.015061 0.0019340 
1048  0.093019 -0.98903 0.90154 0.0012961 0.0019085 
1049  0.084217 -1.0364 0.90852 -0.0079785 0.0018599 
1050  0.087017 -1.0209 0.90692 -0.0042825 0.0018712 
1051  0.098020 -0.96388 0.89421 0.026363 0.0020009 
1052  0.081816 -1.0501 0.90915 -0.013293 0.0018409 
1053  0.086417 -1.0241 0.90729 -0.015814 0.0018464 
1054  0.084217 -1.0364 0.90852 -0.017579 0.0018370 
1055  0.089218 -1.0090 0.90564 0.0022053 0.0019047 
1056  0.099220 -0.95802 0.89286 0.016210 0.0019597 
1057  0.080416 -1.0582 0.90935 -0.0060002 0.0018450 
1058  0.094219 -0.98289 0.90002 -0.022453 0.0018242 
1059  0.086617 -1.0230 0.90718 0.0047815 0.0018762 
1060  0.085817 -1.0275 0.90764 0.0010201 0.0018865 
1061  0.089218 -1.0090 0.90564 -0.0035449 0.0018714 
1062  0.093619 -0.98595 0.90079 0.0090789 0.0019634 
1063  0.085817 -1.0275 0.90764 -0.0030779 0.0018831 
1064  0.088218 -1.0143 0.90633 -0.0068488 0.0018621 
1065  0.089818 -1.0058 0.90501 0.012438 0.0019451 
1066  0.096619 -0.97081 0.89645 -0.0021415 0.0018797 
1067  0.086817 -1.0220 0.90702 0.0021217 0.0018842 
1068  0.10522 -0.92961 0.87502 0.043771 0.0021034 
