    prob  log10(PO)   qval  alpha  fst
1  0.00960192 -2.01345 0.989059 0.0011334 0.0018597 
2  0.013403 -1.8669 0.98521 0.0030584 0.0018723 
3  0.011602 -1.9304 0.98753 -0.0021601 0.0018480 
4  0.012002 -1.9155 0.98714 0.0041361 0.0018665 
5  0.012002 -1.9155 0.98714 0.00082259 0.0018678 
6  0.011202 -1.9458 0.98791 -0.0031825 0.0018496 
7  0.011202 -1.9458 0.98791 -0.00010481 0.0018569 
8  0.0098020 -2.0044 0.98894 0.0010653 0.0018592 
9  0.011202 -1.9458 0.98791 0.00067773 0.0018641 
10  0.010602 -1.9700 0.98842 0.00040210 0.0018546 
11  0.0098020 -2.0044 0.98894 0.0020533 0.0018576 
12  0.010202 -1.9869 0.98873 -0.00049173 0.0018520 
13  0.0082016 -2.0825 0.98979 -0.00023919 0.0018492 
14  0.010202 -1.9869 0.98873 0.00099971 0.0018568 
15  0.0066013 -2.1775 0.99003 -0.0022818 0.0018439 
16  0.010402 -1.9783 0.98858 0.00024157 0.0018559 
17  0.0090018 -2.0417 0.98946 0.00065047 0.0018660 
18  0.010402 -1.9783 0.98858 -0.00086037 0.0018598 
19  0.0092018 -2.0321 0.98933 -0.00012836 0.0018552 
20  0.0088018 -2.0516 0.98954 0.00090527 0.0018550 
21  0.0094019 -2.0227 0.98919 -0.00071835 0.0018531 
22  0.0088018 -2.0516 0.98954 -0.00031147 0.0018511 
23  0.0094019 -2.0227 0.98919 -0.0014408 0.0018503 
24  0.0098020 -2.0044 0.98894 0.00011787 0.0018506 
25  0.011002 -1.9537 0.98807 0.0013338 0.0018575 
26  0.0090018 -2.0417 0.98946 -0.0012030 0.0018521 
27  0.010402 -1.9783 0.98858 0.00097714 0.0018603 
28  0.011602 -1.9304 0.98753 0.00026613 0.0018588 
29  0.0078016 -2.1044 0.98992 -0.00013568 0.0018505 
30  0.011802 -1.9229 0.98731 0.0018266 0.0018585 
31  0.0082016 -2.0825 0.98979 0.00038530 0.0018518 
32  0.013203 -1.8736 0.98536 -0.00035546 0.0018547 
33  0.010202 -1.9869 0.98873 -0.0031641 0.0018463 
34  0.012202 -1.9082 0.98684 -0.0011037 0.0018545 
35  0.0074015 -2.1275 0.98997 0.00083735 0.0018546 
36  0.0080016 -2.0933 0.98984 0.0010286 0.0018535 
37  0.010802 -1.9618 0.98824 0.00064876 0.0018574 
38  0.0092018 -2.0321 0.98933 0.0011821 0.0018552 
39  0.0092018 -2.0321 0.98933 0.0019993 0.0018612 
40  0.0090018 -2.0417 0.98946 0.00021976 0.0018557 
41  0.011602 -1.9304 0.98753 0.00063911 0.0018587 
42  0.011602 -1.9304 0.98753 -0.0014417 0.0018510 
43  0.011002 -1.9537 0.98807 0.0021188 0.0018551 
44  0.010402 -1.9783 0.98858 0.00068511 0.0018551 
45  0.0090018 -2.0417 0.98946 0.0022577 0.0018609 
46  0.0088018 -2.0516 0.98954 0.0028492 0.0018600 
47  0.0094019 -2.0227 0.98919 0.0039197 0.0018649 
48  0.010602 -1.9700 0.98842 0.00057607 0.0018558 
49  0.0084017 -2.0720 0.98972 -0.00076587 0.0018496 
50  0.010402 -1.9783 0.98858 -0.00070685 0.0018505 
51  0.010202 -1.9869 0.98873 -0.0020020 0.0018481 
52  0.0078016 -2.1044 0.98992 -0.00013815 0.0018516 
53  0.0096019 -2.0135 0.98906 0.0022475 0.0018617 
54  0.010602 -1.9700 0.98842 0.0023556 0.0018601 
55  0.011602 -1.9304 0.98753 0.0022351 0.0018598 
56  0.012603 -1.8940 0.98647 0.0012175 0.0018626 
57  0.0084017 -2.0720 0.98972 0.00046934 0.0018558 
58  0.010602 -1.9700 0.98842 -0.0019638 0.0018488 
59  0.0082016 -2.0825 0.98979 0.00063860 0.0018625 
60  0.0082016 -2.0825 0.98979 0.0027280 0.0018568 
61  0.010602 -1.9700 0.98842 -6.8224e-05 0.0018590 
62  0.010802 -1.9618 0.98824 -0.0012764 0.0018475 
63  0.010602 -1.9700 0.98842 -0.0015118 0.0018525 
64  0.0090018 -2.0417 0.98946 -0.00097729 0.0018488 
65  0.0094019 -2.0227 0.98919 -0.0011352 0.0018498 
66  0.011402 -1.9380 0.98776 0.00031670 0.0018674 
67  0.011002 -1.9537 0.98807 -0.00053910 0.0018552 
68  0.0062012 -2.2048 0.99006 -0.0019310 0.0018434 
69  0.010402 -1.9783 0.98858 0.00017631 0.0018610 
70  0.0098020 -2.0044 0.98894 0.0022932 0.0018581 
71  0.0086017 -2.0617 0.98964 8.4326e-05 0.0018529 
72  0.011802 -1.9229 0.98731 0.0023640 0.0018705 
73  0.0080016 -2.0933 0.98984 -7.2649e-05 0.0018485 
74  0.0094019 -2.0227 0.98919 -0.00078973 0.0018572 
75  0.010202 -1.9869 0.98873 0.0038191 0.0018749 
76  0.010002 -1.9955 0.98885 -0.00089643 0.0018508 
77  0.010402 -1.9783 0.98858 0.00034896 0.0018566 
78  0.0098020 -2.0044 0.98894 -0.0027120 0.0018460 
79  0.0084017 -2.0720 0.98972 -0.00088056 0.0018492 
80  0.011602 -1.9304 0.98753 -0.0020326 0.0018471 
81  0.012002 -1.9155 0.98714 -0.00084150 0.0018527 
82  0.0076015 -2.1158 0.98995 -0.0011431 0.0018499 
83  0.010202 -1.9869 0.98873 0.00072906 0.0018567 
84  0.010602 -1.9700 0.98842 -0.0019459 0.0018475 
85  0.011602 -1.9304 0.98753 -0.0012053 0.0018510 
86  0.0064013 -2.1909 0.99006 0.0014804 0.0018579 
87  0.0082016 -2.0825 0.98979 3.9971e-05 0.0018484 
88  0.010402 -1.9783 0.98858 0.0022640 0.0018607 
89  0.0092018 -2.0321 0.98933 -0.0012341 0.0018506 
90  0.0096019 -2.0135 0.98906 -0.0016517 0.0018499 
91  0.010802 -1.9618 0.98824 0.00083441 0.0018559 
92  0.010202 -1.9869 0.98873 0.0022651 0.0018554 
93  0.0078016 -2.1044 0.98992 -0.0031503 0.0018424 
94  0.0066013 -2.1775 0.99003 -3.8826e-05 0.0018499 
95  0.010402 -1.9783 0.98858 -0.0025447 0.0018476 
96  0.0084017 -2.0720 0.98972 -0.0016751 0.0018468 
97  0.0088018 -2.0516 0.98954 0.00047736 0.0018550 
98  0.013603 -1.8604 0.98471 -0.0019584 0.0018515 
99  0.010002 -1.9955 0.98885 -0.00015663 0.0018591 
100  0.0092018 -2.0321 0.98933 -0.0023281 0.0018473 
101  0.010802 -1.9618 0.98824 -9.7404e-05 0.0018536 
102  0.011602 -1.9304 0.98753 -0.0033705 0.0018466 
103  0.0094019 -2.0227 0.98919 -0.00032879 0.0018473 
104  0.0086017 -2.0617 0.98964 0.00090073 0.0018575 
105  0.0082016 -2.0825 0.98979 -0.0012842 0.0018521 
106  0.0078016 -2.1044 0.98992 -0.00019878 0.0018569 
107  0.010602 -1.9700 0.98842 -0.0044710 0.0018436 
108  0.0094019 -2.0227 0.98919 -0.0019653 0.0018485 
109  0.012002 -1.9155 0.98714 -0.00099491 0.0018503 
110  0.0098020 -2.0044 0.98894 0.0013578 0.0018599 
111  0.0068014 -2.1644 0.99001 0.00029138 0.0018515 
112  0.011602 -1.9304 0.98753 -0.00074365 0.0018579 
113  0.011202 -1.9458 0.98791 0.0030645 0.0018636 
114  0.0082016 -2.0825 0.98979 0.00054282 0.0018543 
115  0.0086017 -2.0617 0.98964 -0.0011405 0.0018515 
116  0.011402 -1.9380 0.98776 -0.0035197 0.0018458 
117  0.010802 -1.9618 0.98824 -0.00029777 0.0018601 
118  0.0096019 -2.0135 0.98906 0.0012673 0.0018605 
119  0.0090018 -2.0417 0.98946 -0.0023475 0.0018462 
120  0.011602 -1.9304 0.98753 0.0072628 0.0019044 
121  0.010202 -1.9869 0.98873 -0.0030030 0.0018487 
122  0.0088018 -2.0516 0.98954 0.0015997 0.0018588 
123  0.0094019 -2.0227 0.98919 -1.5118e-05 0.0018541 
124  0.0088018 -2.0516 0.98954 0.00027345 0.0018536 
125  0.0082016 -2.0825 0.98979 0.0033863 0.0018673 
126  0.010802 -1.9618 0.98824 0.0017338 0.0018558 
127  0.010202 -1.9869 0.98873 0.00083536 0.0018542 
128  0.011802 -1.9229 0.98731 0.0040395 0.0018676 
129  0.010602 -1.9700 0.98842 -0.00062488 0.0018524 
130  0.010602 -1.9700 0.98842 -0.00038470 0.0018540 
131  0.010402 -1.9783 0.98858 -0.0010617 0.0018562 
132  0.012002 -1.9155 0.98714 -0.0016816 0.0018565 
133  0.0082016 -2.0825 0.98979 -0.00059534 0.0018502 
134  0.0088018 -2.0516 0.98954 -0.0033387 0.0018444 
135  0.010602 -1.9700 0.98842 -0.00039408 0.0018608 
136  0.0098020 -2.0044 0.98894 0.0014399 0.0018602 
137  0.0090018 -2.0417 0.98946 0.0030855 0.0018635 
138  0.0090018 -2.0417 0.98946 -0.0019628 0.0018470 
139  0.010002 -1.9955 0.98885 0.00076228 0.0018524 
140  0.012202 -1.9082 0.98684 0.0012666 0.0018583 
141  0.011002 -1.9537 0.98807 7.2519e-05 0.0018575 
142  0.012803 -1.8871 0.98627 0.00084321 0.0018593 
143  0.011002 -1.9537 0.98807 0.00096218 0.0018601 
144  0.0092018 -2.0321 0.98933 -0.0010251 0.0018470 
145  0.0090018 -2.0417 0.98946 0.00032973 0.0018570 
146  0.011002 -1.9537 0.98807 -0.00035403 0.0018543 
147  0.010002 -1.9955 0.98885 0.0020228 0.0018618 
148  0.0086017 -2.0617 0.98964 -0.00048706 0.0018508 
149  0.011802 -1.9229 0.98731 0.0043014 0.0018758 
150  0.0090018 -2.0417 0.98946 -0.0023119 0.0018475 
151  0.0086017 -2.0617 0.98964 -0.00068986 0.0018515 
152  0.010402 -1.9783 0.98858 -0.0026252 0.0018463 
153  0.010402 -1.9783 0.98858 -0.00027279 0.0018577 
154  0.0068014 -2.1644 0.99001 -0.0010610 0.0018455 
155  0.0078016 -2.1044 0.98992 -0.00034669 0.0018531 
156  0.011202 -1.9458 0.98791 0.0021805 0.0018578 
157  0.011602 -1.9304 0.98753 -0.0025020 0.0018507 
158  0.010402 -1.9783 0.98858 -0.0017214 0.0018518 
159  0.0076015 -2.1158 0.98995 -0.0025963 0.0018446 
160  0.0094019 -2.0227 0.98919 -0.0013000 0.0018509 
161  0.0094019 -2.0227 0.98919 0.0017747 0.0018667 
162  0.0098020 -2.0044 0.98894 -0.0016814 0.0018498 
163  0.0080016 -2.0933 0.98984 -0.00058994 0.0018499 
164  0.0084017 -2.0720 0.98972 -0.00093827 0.0018477 
165  0.0090018 -2.0417 0.98946 -0.0010601 0.0018543 
166  0.0090018 -2.0417 0.98946 -0.00071563 0.0018495 
167  0.0092018 -2.0321 0.98933 -0.00062487 0.0018503 
168  0.0084017 -2.0720 0.98972 -0.0015980 0.0018482 
169  0.0098020 -2.0044 0.98894 0.0015549 0.0018603 
170  0.0078016 -2.1044 0.98992 -0.00081888 0.0018499 
171  0.013003 -1.8803 0.98572 -0.00047995 0.0018616 
172  0.011002 -1.9537 0.98807 -0.0010019 0.0018463 
173  0.0086017 -2.0617 0.98964 -0.0016665 0.0018465 
174  0.0086017 -2.0617 0.98964 -0.0015440 0.0018478 
175  0.010802 -1.9618 0.98824 -0.0022454 0.0018463 
176  0.011602 -1.9304 0.98753 -0.00044144 0.0018648 
177  0.010402 -1.9783 0.98858 0.0010152 0.0018592 
178  0.012402 -1.9011 0.98663 0.0032452 0.0018641 
179  0.0078016 -2.1044 0.98992 0.0015852 0.0018577 
180  0.0078016 -2.1044 0.98992 -0.0010731 0.0018498 
181  0.011802 -1.9229 0.98731 0.00026421 0.0018553 
182  0.011202 -1.9458 0.98791 -0.00059059 0.0018546 
183  0.012402 -1.9011 0.98663 -0.0028823 0.0018515 
184  0.013003 -1.8803 0.98572 -0.00094362 0.0018553 
185  0.0088018 -2.0516 0.98954 0.0017326 0.0018538 
186  0.0096019 -2.0135 0.98906 -9.4798e-05 0.0018522 
187  0.013603 -1.8604 0.98471 -0.0010206 0.0018523 
188  0.011202 -1.9458 0.98791 0.0014208 0.0018595 
189  0.010802 -1.9618 0.98824 1.7696e-05 0.0018548 
190  0.012202 -1.9082 0.98684 0.0013155 0.0018618 
191  0.010202 -1.9869 0.98873 0.0014703 0.0018607 
192  0.0078016 -2.1044 0.98992 -0.0018511 0.0018454 
193  0.011002 -1.9537 0.98807 -0.0023937 0.0018466 
194  0.010202 -1.9869 0.98873 0.00041498 0.0018635 
195  0.0092018 -2.0321 0.98933 -0.0020317 0.0018459 
196  0.010202 -1.9869 0.98873 -0.00085201 0.0018491 
197  0.0080016 -2.0933 0.98984 -0.00061408 0.0018488 
198  0.011402 -1.9380 0.98776 0.00046972 0.0018545 
199  0.0092018 -2.0321 0.98933 0.00088823 0.0018545 
200  0.010602 -1.9700 0.98842 -0.0027291 0.0018475 
201  0.0092018 -2.0321 0.98933 0.0027701 0.0018613 
202  0.0096019 -2.0135 0.98906 0.00018422 0.0018621 
203  0.0098020 -2.0044 0.98894 0.0048104 0.0018820 
204  0.0098020 -2.0044 0.98894 -0.00043209 0.0018485 
205  0.0084017 -2.0720 0.98972 -0.00069585 0.0018512 
206  0.0096019 -2.0135 0.98906 -0.00011904 0.0018541 
207  0.0082016 -2.0825 0.98979 -0.0024366 0.0018450 
208  0.0096019 -2.0135 0.98906 -0.00078997 0.0018514 
209  0.012002 -1.9155 0.98714 0.0048695 0.0018763 
210  0.011202 -1.9458 0.98791 0.00055175 0.0018550 
211  0.0098020 -2.0044 0.98894 -0.0025251 0.0018481 
212  0.0090018 -2.0417 0.98946 -0.0025237 0.0018432 
213  0.0086017 -2.0617 0.98964 -0.00075357 0.0018507 
214  0.011602 -1.9304 0.98753 -0.00056470 0.0018566 
215  0.0094019 -2.0227 0.98919 -0.0032368 0.0018476 
216  0.0088018 -2.0516 0.98954 0.00016039 0.0018548 
217  0.0064013 -2.1909 0.99006 0.00043082 0.0018501 
218  0.010602 -1.9700 0.98842 -0.00064075 0.0018527 
219  0.0094019 -2.0227 0.98919 -0.0014699 0.0018472 
220  0.0084017 -2.0720 0.98972 0.0013433 0.0018646 
221  0.0088018 -2.0516 0.98954 -6.8345e-05 0.0018506 
222  0.013403 -1.8669 0.98521 -0.0016333 0.0018480 
223  0.010202 -1.9869 0.98873 -0.0011183 0.0018496 
224  0.0084017 -2.0720 0.98972 -0.0024381 0.0018532 
225  0.011602 -1.9304 0.98753 -7.0821e-05 0.0018588 
226  0.0076015 -2.1158 0.98995 -0.0014374 0.0018471 
227  0.0086017 -2.0617 0.98964 0.0012582 0.0018525 
228  0.010202 -1.9869 0.98873 0.00053005 0.0018582 
229  0.012803 -1.8871 0.98627 -0.0011269 0.0018537 
230  0.011202 -1.9458 0.98791 -0.00024041 0.0018541 
231  0.0098020 -2.0044 0.98894 -0.00015991 0.0018568 
232  0.011002 -1.9537 0.98807 -0.00056845 0.0018555 
233  0.010002 -1.9955 0.98885 -0.00083855 0.0018569 
234  0.0086017 -2.0617 0.98964 -1.1868e-05 0.0018502 
235  0.012803 -1.8871 0.98627 -9.1765e-06 0.0018647 
236  0.0092018 -2.0321 0.98933 -9.0334e-05 0.0018547 
237  0.010802 -1.9618 0.98824 0.0014742 0.0018575 
238  0.010202 -1.9869 0.98873 -0.00096030 0.0018515 
239  0.0096019 -2.0135 0.98906 -0.0012378 0.0018511 
240  0.010002 -1.9955 0.98885 0.00030603 0.0018561 
241  0.011002 -1.9537 0.98807 -0.0029336 0.0018482 
242  0.0094019 -2.0227 0.98919 -0.0015078 0.0018486 
243  0.0088018 -2.0516 0.98954 -0.00050417 0.0018608 
244  0.010202 -1.9869 0.98873 0.00012213 0.0018546 
245  0.010602 -1.9700 0.98842 -0.0010777 0.0018524 
246  0.0078016 -2.1044 0.98992 0.0019904 0.0018615 
247  0.011802 -1.9229 0.98731 -0.00043865 0.0018593 
248  0.010202 -1.9869 0.98873 9.5353e-05 0.0018627 
249  0.0096019 -2.0135 0.98906 -0.0020418 0.0018545 
250  0.012202 -1.9082 0.98684 -0.00074843 0.0018495 
251  0.010602 -1.9700 0.98842 -0.0014185 0.0018479 
252  0.011402 -1.9380 0.98776 0.0019411 0.0018587 
253  0.011202 -1.9458 0.98791 0.0029533 0.0018681 
254  0.0096019 -2.0135 0.98906 0.00053375 0.0018532 
255  0.0080016 -2.0933 0.98984 -0.0024506 0.0018447 
256  0.0078016 -2.1044 0.98992 -0.0023115 0.0018456 
257  0.0088018 -2.0516 0.98954 0.0017313 0.0018580 
258  0.0086017 -2.0617 0.98964 -0.0017157 0.0018479 
259  0.0084017 -2.0720 0.98972 -0.0025951 0.0018455 
260  0.010802 -1.9618 0.98824 0.0011825 0.0018564 
261  0.010002 -1.9955 0.98885 0.0010494 0.0018556 
262  0.010802 -1.9618 0.98824 0.0036315 0.0018748 
263  0.0088018 -2.0516 0.98954 -0.00034668 0.0018529 
264  0.010202 -1.9869 0.98873 -0.0021551 0.0018464 
265  0.0092018 -2.0321 0.98933 -0.00053029 0.0018493 
266  0.010802 -1.9618 0.98824 0.0038861 0.0018676 
267  0.0074015 -2.1275 0.98997 -0.0018481 0.0018468 
268  0.0096019 -2.0135 0.98906 -0.00034101 0.0018539 
269  0.0098020 -2.0044 0.98894 -0.00071635 0.0018531 
270  0.0094019 -2.0227 0.98919 0.00091347 0.0018541 
271  0.0098020 -2.0044 0.98894 -0.00064444 0.0018527 
272  0.010202 -1.9869 0.98873 -0.00044489 0.0018560 
273  0.0058012 -2.2340 0.99007 0.0020761 0.0018587 
274  0.010002 -1.9955 0.98885 -0.0021874 0.0018487 
275  0.0086017 -2.0617 0.98964 -0.00078896 0.0018472 
276  0.0086017 -2.0617 0.98964 -0.00055960 0.0018480 
277  0.0094019 -2.0227 0.98919 0.00025187 0.0018553 
278  0.0092018 -2.0321 0.98933 -0.00012336 0.0018532 
279  0.0094019 -2.0227 0.98919 -0.00052601 0.0018530 
280  0.010202 -1.9869 0.98873 -0.0038827 0.0018417 
281  0.011402 -1.9380 0.98776 -0.0026806 0.0018527 
282  0.0084017 -2.0720 0.98972 0.00079555 0.0018511 
283  0.0076015 -2.1158 0.98995 -0.0016154 0.0018500 
284  0.0080016 -2.0933 0.98984 -0.0011826 0.0018495 
285  0.0086017 -2.0617 0.98964 -0.0012597 0.0018521 
286  0.010802 -1.9618 0.98824 -0.0012871 0.0018529 
287  0.010002 -1.9955 0.98885 -0.0021673 0.0018490 
288  0.0090018 -2.0417 0.98946 -0.00028751 0.0018511 
289  0.010202 -1.9869 0.98873 9.1273e-05 0.0018554 
290  0.0094019 -2.0227 0.98919 -0.0025737 0.0018465 
291  0.011402 -1.9380 0.98776 -0.0018905 0.0018479 
292  0.011402 -1.9380 0.98776 0.0035588 0.0018698 
293  0.011402 -1.9380 0.98776 -0.0025700 0.0018491 
294  0.0086017 -2.0617 0.98964 0.0015489 0.0018549 
295  0.0072014 -2.1394 0.98999 0.0032675 0.0018733 
296  0.0088018 -2.0516 0.98954 -0.00048672 0.0018494 
297  0.0086017 -2.0617 0.98964 -0.0026155 0.0018465 
298  0.012002 -1.9155 0.98714 -0.0012273 0.0018521 
299  0.0096019 -2.0135 0.98906 -0.0016122 0.0018481 
300  0.0094019 -2.0227 0.98919 0.00053610 0.0018628 
301  0.010402 -1.9783 0.98858 -5.1635e-05 0.0018604 
302  0.0090018 -2.0417 0.98946 -0.0017624 0.0018465 
303  0.011002 -1.9537 0.98807 -0.0010439 0.0018501 
304  0.0092018 -2.0321 0.98933 -0.0039376 0.0018444 
305  0.0090018 -2.0417 0.98946 -0.00026694 0.0018537 
306  0.010002 -1.9955 0.98885 0.0041114 0.0018778 
307  0.010602 -1.9700 0.98842 -0.0019697 0.0018478 
308  0.010002 -1.9955 0.98885 0.00051351 0.0018596 
309  0.0092018 -2.0321 0.98933 0.00018267 0.0018524 
310  0.010002 -1.9955 0.98885 -0.0022939 0.0018488 
311  0.0098020 -2.0044 0.98894 0.00033401 0.0018611 
312  0.011802 -1.9229 0.98731 -0.0020976 0.0018514 
313  0.010802 -1.9618 0.98824 0.00094717 0.0018641 
314  0.010202 -1.9869 0.98873 0.0011546 0.0018598 
315  0.0090018 -2.0417 0.98946 -0.0010802 0.0018531 
316  0.0092018 -2.0321 0.98933 -0.00090576 0.0018498 
317  0.010402 -1.9783 0.98858 0.0015546 0.0018557 
318  0.012002 -1.9155 0.98714 0.0019305 0.0018630 
319  0.0094019 -2.0227 0.98919 -0.00030280 0.0018507 
320  0.0072014 -2.1394 0.98999 0.00019212 0.0018516 
321  0.012202 -1.9082 0.98684 0.0053898 0.0018741 
322  0.0086017 -2.0617 0.98964 -0.0031568 0.0018460 
323  0.011602 -1.9304 0.98753 0.0021881 0.0018670 
324  0.010202 -1.9869 0.98873 -0.00038477 0.0018491 
325  0.0094019 -2.0227 0.98919 -0.0018833 0.0018446 
326  0.011402 -1.9380 0.98776 2.4140e-05 0.0018560 
327  0.0080016 -2.0933 0.98984 2.0470e-05 0.0018558 
328  0.0078016 -2.1044 0.98992 -0.0022767 0.0018452 
329  0.0082016 -2.0825 0.98979 -0.00071908 0.0018553 
330  0.0088018 -2.0516 0.98954 -0.0019836 0.0018458 
331  0.0068014 -2.1644 0.99001 -0.00096087 0.0018478 
332  0.013603 -1.8604 0.98471 0.0026023 0.0018659 
333  0.011202 -1.9458 0.98791 -0.00059156 0.0018536 
334  0.013003 -1.8803 0.98572 0.0056421 0.0018872 
335  0.010002 -1.9955 0.98885 -0.0011776 0.0018539 
336  0.0072014 -2.1394 0.98999 -0.0013228 0.0018498 
337  0.010402 -1.9783 0.98858 -0.0038540 0.0018441 
338  0.0096019 -2.0135 0.98906 -0.0016168 0.0018534 
339  0.0076015 -2.1158 0.98995 -0.0019906 0.0018484 
340  0.0076015 -2.1158 0.98995 -0.00085556 0.0018515 
341  0.0090018 -2.0417 0.98946 0.00064688 0.0018528 
342  0.0086017 -2.0617 0.98964 0.00094117 0.0018565 
343  0.011002 -1.9537 0.98807 0.0017777 0.0018599 
344  0.0082016 -2.0825 0.98979 -0.0028648 0.0018475 
345  0.011202 -1.9458 0.98791 -0.0020819 0.0018566 
346  0.0086017 -2.0617 0.98964 0.0019812 0.0018611 
347  0.012603 -1.8940 0.98647 -0.00032636 0.0018546 
348  0.010202 -1.9869 0.98873 -0.00032278 0.0018575 
349  0.010402 -1.9783 0.98858 0.00055457 0.0018556 
350  0.0098020 -2.0044 0.98894 -0.00038065 0.0018471 
351  0.0090018 -2.0417 0.98946 0.00087785 0.0018526 
352  0.0086017 -2.0617 0.98964 -0.00079848 0.0018510 
353  0.011602 -1.9304 0.98753 -0.0023526 0.0018512 
354  0.011002 -1.9537 0.98807 0.0018950 0.0018653 
355  0.0086017 -2.0617 0.98964 -0.00020464 0.0018499 
356  0.0082016 -2.0825 0.98979 -0.0023359 0.0018452 
357  0.0090018 -2.0417 0.98946 0.00017111 0.0018534 
358  0.010202 -1.9869 0.98873 -0.00088946 0.0018545 
359  0.011602 -1.9304 0.98753 0.0014247 0.0018596 
360  0.010402 -1.9783 0.98858 0.00011215 0.0018557 
361  0.0098020 -2.0044 0.98894 0.0017980 0.0018572 
362  0.011002 -1.9537 0.98807 -0.0018050 0.0018518 
363  0.011002 -1.9537 0.98807 -0.00035364 0.0018541 
364  0.0076015 -2.1158 0.98995 -0.0027797 0.0018430 
365  0.011002 -1.9537 0.98807 0.0044980 0.0018690 
366  0.0078016 -2.1044 0.98992 -0.0016918 0.0018471 
367  0.010802 -1.9618 0.98824 0.0011015 0.0018588 
368  0.0086017 -2.0617 0.98964 -0.0013777 0.0018507 
369  0.011802 -1.9229 0.98731 0.0016915 0.0018563 
370  0.0096019 -2.0135 0.98906 -0.0032329 0.0018488 
371  0.011202 -1.9458 0.98791 0.0044500 0.0018742 
372  0.012002 -1.9155 0.98714 -0.0031935 0.0018475 
373  0.010802 -1.9618 0.98824 -0.00058408 0.0018505 
374  0.0088018 -2.0516 0.98954 0.00035515 0.0018533 
375  0.0080016 -2.0933 0.98984 -0.0021264 0.0018455 
376  0.0094019 -2.0227 0.98919 0.00047746 0.0018562 
377  0.011202 -1.9458 0.98791 0.0049913 0.0018721 
378  0.0092018 -2.0321 0.98933 0.0027898 0.0018627 
379  0.0088018 -2.0516 0.98954 -0.0015763 0.0018504 
380  0.0096019 -2.0135 0.98906 0.0027751 0.0018622 
381  0.010802 -1.9618 0.98824 5.7245e-05 0.0018532 
382  0.010002 -1.9955 0.98885 -0.0025515 0.0018452 
383  0.010602 -1.9700 0.98842 -0.00036110 0.0018518 
384  0.0088018 -2.0516 0.98954 0.00056770 0.0018544 
385  0.0094019 -2.0227 0.98919 -0.0021673 0.0018473 
386  0.0090018 -2.0417 0.98946 -0.00058982 0.0018529 
387  0.011402 -1.9380 0.98776 0.0021801 0.0018614 
388  0.011402 -1.9380 0.98776 0.0037707 0.0018640 
389  0.010402 -1.9783 0.98858 -0.0023871 0.0018486 
390  0.0078016 -2.1044 0.98992 -0.0022301 0.0018447 
391  0.0090018 -2.0417 0.98946 -0.0029332 0.0018458 
392  0.0090018 -2.0417 0.98946 -0.0010496 0.0018481 
393  0.011602 -1.9304 0.98753 -0.0031907 0.0018497 
394  0.0098020 -2.0044 0.98894 5.3171e-05 0.0018544 
395  0.0088018 -2.0516 0.98954 -0.0025179 0.0018453 
396  0.010402 -1.9783 0.98858 -0.00042734 0.0018485 
397  0.010402 -1.9783 0.98858 0.0020218 0.0018668 
398  0.010602 -1.9700 0.98842 -0.0010257 0.0018538 
399  0.0098020 -2.0044 0.98894 -0.0011342 0.0018501 
400  0.010402 -1.9783 0.98858 -0.0025364 0.0018476 
401  0.010402 -1.9783 0.98858 0.0014349 0.0018560 
402  0.0090018 -2.0417 0.98946 0.0028515 0.0018599 
403  0.0096019 -2.0135 0.98906 0.0011690 0.0018529 
404  0.0086017 -2.0617 0.98964 0.00099523 0.0018573 
405  0.010202 -1.9869 0.98873 -0.00049730 0.0018523 
406  0.0088018 -2.0516 0.98954 0.0026747 0.0018593 
407  0.010802 -1.9618 0.98824 -0.0018744 0.0018478 
408  0.0084017 -2.0720 0.98972 0.0027588 0.0018588 
409  0.011002 -1.9537 0.98807 -0.0025664 0.0018508 
410  0.010002 -1.9955 0.98885 0.0028741 0.0018672 
411  0.0070014 -2.1518 0.99001 -0.0030735 0.0018435 
412  0.011002 -1.9537 0.98807 0.00033509 0.0018584 
413  0.010402 -1.9783 0.98858 9.7797e-05 0.0018491 
414  0.0094019 -2.0227 0.98919 0.00072442 0.0018553 
415  0.0080016 -2.0933 0.98984 -0.00086106 0.0018514 
416  0.010402 -1.9783 0.98858 0.00088043 0.0018601 
417  0.010402 -1.9783 0.98858 -0.00061101 0.0018500 
418  0.011002 -1.9537 0.98807 0.0019292 0.0018623 
419  0.010402 -1.9783 0.98858 -0.0036438 0.0018512 
420  0.010202 -1.9869 0.98873 -0.0015150 0.0018502 
421  0.0092018 -2.0321 0.98933 0.0010545 0.0018583 
422  0.0076015 -2.1158 0.98995 0.00093086 0.0018524 
423  0.012002 -1.9155 0.98714 0.0017840 0.0018554 
424  0.0092018 -2.0321 0.98933 -4.5670e-05 0.0018568 
425  0.0094019 -2.0227 0.98919 0.0019601 0.0018585 
426  0.0090018 -2.0417 0.98946 0.00048574 0.0018603 
427  0.0088018 -2.0516 0.98954 -0.0029633 0.0018448 
428  0.013603 -1.8604 0.98471 -0.00067580 0.0018576 
429  0.010602 -1.9700 0.98842 -0.00052425 0.0018529 
430  0.012402 -1.9011 0.98663 -0.0019938 0.0018470 
431  0.0096019 -2.0135 0.98906 -0.0010052 0.0018534 
432  0.0094019 -2.0227 0.98919 0.0033983 0.0018683 
433  0.0098020 -2.0044 0.98894 0.0020702 0.0018603 
434  0.012002 -1.9155 0.98714 0.00082097 0.0018576 
435  0.012002 -1.9155 0.98714 0.00029981 0.0018593 
436  0.010202 -1.9869 0.98873 0.00032920 0.0018619 
437  0.012002 -1.9155 0.98714 0.0051262 0.0018993 
438  0.011202 -1.9458 0.98791 -1.8041e-06 0.0018499 
439  0.0078016 -2.1044 0.98992 -0.0015681 0.0018480 
440  0.010602 -1.9700 0.98842 0.0049277 0.0018730 
441  0.0086017 -2.0617 0.98964 -0.0025210 0.0018463 
442  0.011202 -1.9458 0.98791 -0.0012221 0.0018535 
443  0.0090018 -2.0417 0.98946 0.0017560 0.0018627 
444  0.010402 -1.9783 0.98858 -0.0050927 0.0018401 
445  0.010202 -1.9869 0.98873 0.00046545 0.0018692 
446  0.0090018 -2.0417 0.98946 0.00029310 0.0018596 
447  0.0086017 -2.0617 0.98964 -0.00014740 0.0018487 
448  0.010002 -1.9955 0.98885 0.0043696 0.0018754 
449  0.011602 -1.9304 0.98753 -0.0013397 0.0018524 
450  0.011402 -1.9380 0.98776 0.00031384 0.0018589 
451  0.011602 -1.9304 0.98753 0.00049107 0.0018553 
452  0.0096019 -2.0135 0.98906 -0.00053794 0.0018567 
453  0.0092018 -2.0321 0.98933 0.0010268 0.0018550 
454  0.011402 -1.9380 0.98776 -0.0031689 0.0018506 
455  0.0098020 -2.0044 0.98894 -0.00072595 0.0018521 
456  0.0096019 -2.0135 0.98906 -0.0016161 0.0018480 
457  0.0092018 -2.0321 0.98933 0.0027297 0.0018703 
458  0.010202 -1.9869 0.98873 -0.0034842 0.0018486 
459  0.010402 -1.9783 0.98858 -0.0025060 0.0018493 
460  0.0084017 -2.0720 0.98972 -0.0018966 0.0018480 
461  0.012202 -1.9082 0.98684 -0.0010346 0.0018505 
462  0.010602 -1.9700 0.98842 -0.0011097 0.0018539 
463  0.0090018 -2.0417 0.98946 0.0010171 0.0018538 
464  0.0096019 -2.0135 0.98906 5.1061e-05 0.0018519 
465  0.0096019 -2.0135 0.98906 -0.0014122 0.0018490 
466  0.0094019 -2.0227 0.98919 -0.0037721 0.0018444 
467  0.0098020 -2.0044 0.98894 0.0042248 0.0018723 
468  0.0092018 -2.0321 0.98933 -0.0029724 0.0018453 
469  0.010602 -1.9700 0.98842 -0.0017115 0.0018476 
470  0.0084017 -2.0720 0.98972 -0.0028647 0.0018480 
471  0.0082016 -2.0825 0.98979 -0.00093734 0.0018475 
472  0.012002 -1.9155 0.98714 0.0041048 0.0018680 
473  0.012202 -1.9082 0.98684 -0.0021489 0.0018509 
474  0.010602 -1.9700 0.98842 0.00031152 0.0018529 
475  0.0088018 -2.0516 0.98954 -0.0014824 0.0018540 
476  0.0092018 -2.0321 0.98933 0.0012731 0.0018561 
477  0.011402 -1.9380 0.98776 0.00028559 0.0018590 
478  0.0098020 -2.0044 0.98894 -0.00095892 0.0018490 
479  0.010602 -1.9700 0.98842 -0.0027598 0.0018458 
480  0.011002 -1.9537 0.98807 -9.0646e-05 0.0018569 
481  0.0092018 -2.0321 0.98933 -0.0015882 0.0018469 
482  0.012803 -1.8871 0.98627 -0.00017574 0.0018649 
483  0.011002 -1.9537 0.98807 -0.0015441 0.0018523 
484  0.012603 -1.8940 0.98647 0.0019900 0.0018651 
485  0.0064013 -2.1909 0.99006 0.00083341 0.0018526 
486  0.012002 -1.9155 0.98714 0.00045475 0.0018559 
487  0.0094019 -2.0227 0.98919 -0.0021813 0.0018509 
488  0.0094019 -2.0227 0.98919 -0.00021307 0.0018524 
489  0.010202 -1.9869 0.98873 0.00066534 0.0018599 
490  0.0092018 -2.0321 0.98933 0.00017194 0.0018618 
491  0.011402 -1.9380 0.98776 -0.0012577 0.0018513 
492  0.0092018 -2.0321 0.98933 -0.00097483 0.0018582 
493  0.010602 -1.9700 0.98842 0.00011021 0.0018620 
494  0.011202 -1.9458 0.98791 0.0058363 0.0018827 
495  0.0082016 -2.0825 0.98979 -0.00065426 0.0018503 
496  0.0084017 -2.0720 0.98972 0.0010705 0.0018541 
497  0.0090018 -2.0417 0.98946 0.00028119 0.0018534 
498  0.012202 -1.9082 0.98684 -0.0023018 0.0018508 
499  0.0066013 -2.1775 0.99003 -0.00020639 0.0018520 
500  0.010602 -1.9700 0.98842 -0.0019298 0.0018497 
501  0.010802 -1.9618 0.98824 -0.0024460 0.0018496 
502  0.0096019 -2.0135 0.98906 0.00053282 0.0018534 
503  0.010202 -1.9869 0.98873 -0.0039709 0.0018428 
504  0.011802 -1.9229 0.98731 0.0081152 0.0019067 
505  0.0088018 -2.0516 0.98954 -0.00060983 0.0018522 
506  0.012803 -1.8871 0.98627 -0.0045404 0.0018426 
507  0.010002 -1.9955 0.98885 -0.0028535 0.0018515 
508  0.0092018 -2.0321 0.98933 0.00049618 0.0018576 
509  0.011002 -1.9537 0.98807 0.0025054 0.0018595 
510  0.0090018 -2.0417 0.98946 0.0011546 0.0018604 
511  0.0084017 -2.0720 0.98972 -0.0019359 0.0018519 
512  0.0084017 -2.0720 0.98972 -0.0016667 0.0018469 
513  0.0088018 -2.0516 0.98954 -0.00091318 0.0018491 
514  0.0082016 -2.0825 0.98979 0.00078829 0.0018556 
515  0.012202 -1.9082 0.98684 -0.00069604 0.0018554 
516  0.010002 -1.9955 0.98885 -0.00073254 0.0018491 
517  0.010802 -1.9618 0.98824 -0.0010288 0.0018523 
518  0.0096019 -2.0135 0.98906 -0.00035467 0.0018480 
519  0.010802 -1.9618 0.98824 -0.00086503 0.0018505 
520  0.0058012 -2.2340 0.99007 -0.00089343 0.0018474 
521  0.0082016 -2.0825 0.98979 0.0016942 0.0018562 
522  0.0070014 -2.1518 0.99001 -0.0014720 0.0018443 
523  0.011802 -1.9229 0.98731 -0.00084540 0.0018508 
524  0.011402 -1.9380 0.98776 -0.0014971 0.0018565 
525  0.0072014 -2.1394 0.98999 -0.00032367 0.0018539 
526  0.0082016 -2.0825 0.98979 0.0035568 0.0018641 
527  0.0078016 -2.1044 0.98992 -0.0021636 0.0018530 
528  0.011202 -1.9458 0.98791 0.0047482 0.0018682 
529  0.0084017 -2.0720 0.98972 0.00048487 0.0018522 
530  0.012603 -1.8940 0.98647 0.00042753 0.0018595 
531  0.0064013 -2.1909 0.99006 0.00075276 0.0018597 
532  0.011802 -1.9229 0.98731 -0.0019462 0.0018462 
533  0.0094019 -2.0227 0.98919 0.0013230 0.0018593 
534  0.0090018 -2.0417 0.98946 -0.0028748 0.0018525 
535  0.0096019 -2.0135 0.98906 -0.0024575 0.0018489 
536  0.0080016 -2.0933 0.98984 -0.00047758 0.0018514 
537  0.010202 -1.9869 0.98873 4.8952e-05 0.0018495 
538  0.011402 -1.9380 0.98776 -0.00094022 0.0018500 
539  0.010802 -1.9618 0.98824 0.0010573 0.0018598 
540  0.012603 -1.8940 0.98647 -0.0023347 0.0018501 
541  0.0090018 -2.0417 0.98946 0.0012086 0.0018553 
542  0.010402 -1.9783 0.98858 0.00063988 0.0018505 
543  0.0090018 -2.0417 0.98946 -0.00093277 0.0018490 
544  0.0090018 -2.0417 0.98946 -0.0017605 0.0018466 
545  0.0092018 -2.0321 0.98933 0.0010306 0.0018580 
546  0.0094019 -2.0227 0.98919 -0.0029206 0.0018484 
547  0.010602 -1.9700 0.98842 0.0017848 0.0018578 
548  0.0094019 -2.0227 0.98919 0.00099434 0.0018610 
549  0.0082016 -2.0825 0.98979 -0.0015093 0.0018477 
550  0.0080016 -2.0933 0.98984 0.00014839 0.0018485 
551  0.010402 -1.9783 0.98858 -0.0015931 0.0018493 
552  0.0086017 -2.0617 0.98964 0.0015757 0.0018601 
553  0.010002 -1.9955 0.98885 0.00019331 0.0018538 
554  0.0092018 -2.0321 0.98933 -0.0026914 0.0018466 
555  0.010602 -1.9700 0.98842 -0.0027171 0.0018460 
556  0.012803 -1.8871 0.98627 0.00058745 0.0018603 
557  0.010602 -1.9700 0.98842 0.00041161 0.0018546 
558  0.0092018 -2.0321 0.98933 -0.0031763 0.0018472 
559  0.010002 -1.9955 0.98885 -0.0012434 0.0018492 
560  0.011002 -1.9537 0.98807 -0.00050281 0.0018547 
561  0.0078016 -2.1044 0.98992 -0.00057655 0.0018483 
562  0.0092018 -2.0321 0.98933 -0.0010343 0.0018534 
563  0.0094019 -2.0227 0.98919 -0.00079829 0.0018483 
564  0.0088018 -2.0516 0.98954 -0.0028848 0.0018458 
565  0.012803 -1.8871 0.98627 0.0021759 0.0018601 
566  0.010802 -1.9618 0.98824 -0.0020134 0.0018500 
567  0.010802 -1.9618 0.98824 0.0017247 0.0018565 
568  0.011602 -1.9304 0.98753 -0.00061100 0.0018555 
569  0.0066013 -2.1775 0.99003 0.00091106 0.0018507 
570  0.011002 -1.9537 0.98807 -0.00036098 0.0018517 
571  0.011202 -1.9458 0.98791 0.00039858 0.0018599 
572  0.014403 -1.8353 0.98192 0.0037421 0.0018706 
573  0.0096019 -2.0135 0.98906 -0.0026514 0.0018458 
574  0.011402 -1.9380 0.98776 -0.0018458 0.0018458 
575  0.0066013 -2.1775 0.99003 -0.00048820 0.0018509 
576  0.012803 -1.8871 0.98627 -0.00013856 0.0018833 
577  0.010002 -1.9955 0.98885 -0.0018819 0.0018480 
578  0.0092018 -2.0321 0.98933 -0.00083518 0.0018512 
579  0.010402 -1.9783 0.98858 -0.0016597 0.0018488 
580  0.0094019 -2.0227 0.98919 -0.0013896 0.0018520 
581  0.0082016 -2.0825 0.98979 -0.0014288 0.0018490 
582  0.011202 -1.9458 0.98791 -0.0018241 0.0018470 
583  0.012803 -1.8871 0.98627 -0.00077277 0.0018520 
584  0.010202 -1.9869 0.98873 0.0013804 0.0018537 
585  0.010202 -1.9869 0.98873 -0.0051586 0.0018405 
586  0.0074015 -2.1275 0.98997 0.00095946 0.0018619 
587  0.010402 -1.9783 0.98858 0.0017057 0.0018599 
588  0.010202 -1.9869 0.98873 0.00069021 0.0018574 
589  0.0084017 -2.0720 0.98972 0.00018665 0.0018574 
590  0.012803 -1.8871 0.98627 0.0032212 0.0018699 
591  0.010602 -1.9700 0.98842 -0.00043907 0.0018549 
592  0.013003 -1.8803 0.98572 0.0032059 0.0018702 
593  0.011202 -1.9458 0.98791 0.0028881 0.0018693 
594  0.0092018 -2.0321 0.98933 0.00095949 0.0018532 
595  0.010802 -1.9618 0.98824 -0.00043480 0.0018559 
596  0.010602 -1.9700 0.98842 0.0012251 0.0018597 
597  0.0090018 -2.0417 0.98946 0.0010401 0.0018546 
598  0.011402 -1.9380 0.98776 -0.00027329 0.0018568 
599  0.0088018 -2.0516 0.98954 0.0010368 0.0018581 
600  0.014003 -1.8477 0.98308 0.010587 0.0019129 
601  0.010402 -1.9783 0.98858 -9.2512e-05 0.0018533 
602  0.011602 -1.9304 0.98753 -0.0014141 0.0018522 
603  0.0090018 -2.0417 0.98946 -0.00057501 0.0018566 
604  0.0080016 -2.0933 0.98984 -0.00036777 0.0018488 
605  0.011402 -1.9380 0.98776 0.0034162 0.0018643 
606  0.0088018 -2.0516 0.98954 0.0026488 0.0018559 
607  0.012002 -1.9155 0.98714 -0.0037406 0.0018467 
608  0.0082016 -2.0825 0.98979 0.0024997 0.0018625 
609  0.010602 -1.9700 0.98842 -0.0015604 0.0018503 
610  0.011802 -1.9229 0.98731 0.0017132 0.0018579 
611  0.010402 -1.9783 0.98858 -0.00016163 0.0018568 
612  0.011402 -1.9380 0.98776 0.0043563 0.0018701 
613  0.0094019 -2.0227 0.98919 -0.0012778 0.0018469 
614  0.010602 -1.9700 0.98842 0.0017989 0.0018614 
615  0.010002 -1.9955 0.98885 -0.0013718 0.0018507 
616  0.0094019 -2.0227 0.98919 0.00049829 0.0018616 
617  0.0096019 -2.0135 0.98906 -0.0017355 0.0018470 
618  0.011002 -1.9537 0.98807 3.5928e-05 0.0018593 
619  0.0096019 -2.0135 0.98906 -2.9525e-05 0.0018518 
620  0.012803 -1.8871 0.98627 0.00063257 0.0018727 
621  0.0072014 -2.1394 0.98999 -0.0027148 0.0018428 
622  0.0078016 -2.1044 0.98992 0.00024443 0.0018551 
623  0.010202 -1.9869 0.98873 0.00091134 0.0018570 
624  0.011402 -1.9380 0.98776 -0.0027583 0.0018492 
625  0.010202 -1.9869 0.98873 -0.0013386 0.0018506 
626  0.0090018 -2.0417 0.98946 -0.0031991 0.0018439 
627  0.0090018 -2.0417 0.98946 0.0013177 0.0018551 
628  0.0094019 -2.0227 0.98919 -0.00036081 0.0018564 
629  0.010802 -1.9618 0.98824 -0.0016657 0.0018547 
630  0.0096019 -2.0135 0.98906 -0.0024384 0.0018476 
631  0.012202 -1.9082 0.98684 0.0035390 0.0018736 
632  0.0072014 -2.1394 0.98999 -0.0019013 0.0018451 
633  0.0094019 -2.0227 0.98919 -0.0014012 0.0018494 
634  0.0076015 -2.1158 0.98995 -0.0011728 0.0018458 
635  0.0090018 -2.0417 0.98946 -0.0024571 0.0018502 
636  0.010402 -1.9783 0.98858 -0.0010082 0.0018528 
637  0.010002 -1.9955 0.98885 0.00057239 0.0018547 
638  0.0094019 -2.0227 0.98919 -0.0018306 0.0018488 
639  0.0086017 -2.0617 0.98964 0.00030238 0.0018536 
640  0.010802 -1.9618 0.98824 0.0043666 0.0018708 
641  0.0086017 -2.0617 0.98964 -0.0020696 0.0018441 
642  0.0092018 -2.0321 0.98933 0.00058337 0.0018532 
643  0.0096019 -2.0135 0.98906 -0.00014620 0.0018508 
644  0.0082016 -2.0825 0.98979 0.0015651 0.0018548 
645  0.011002 -1.9537 0.98807 0.0015378 0.0018597 
646  0.0080016 -2.0933 0.98984 0.00024834 0.0018555 
647  0.0090018 -2.0417 0.98946 -0.00056691 0.0018644 
648  0.0090018 -2.0417 0.98946 0.0012140 0.0018593 
649  0.0090018 -2.0417 0.98946 -0.0011749 0.0018463 
650  0.0082016 -2.0825 0.98979 0.00026047 0.0018523 
651  0.011202 -1.9458 0.98791 -0.0027382 0.0018506 
652  0.0090018 -2.0417 0.98946 0.0025750 0.0018580 
653  0.012402 -1.9011 0.98663 0.0026988 0.0018654 
654  0.011202 -1.9458 0.98791 -0.00027331 0.0018534 
655  0.0088018 -2.0516 0.98954 -0.00098160 0.0018596 
656  0.0094019 -2.0227 0.98919 -0.00021022 0.0018540 
657  0.0094019 -2.0227 0.98919 0.0039526 0.0018834 
658  0.010402 -1.9783 0.98858 0.0025492 0.0018568 
659  0.010002 -1.9955 0.98885 -0.0027253 0.0018482 
660  0.0098020 -2.0044 0.98894 -0.0017409 0.0018501 
661  0.0086017 -2.0617 0.98964 0.00043077 0.0018521 
662  0.010402 -1.9783 0.98858 -0.0019986 0.0018494 
663  0.012803 -1.8871 0.98627 0.0033418 0.0018695 
664  0.0086017 -2.0617 0.98964 0.00094785 0.0018536 
665  0.010402 -1.9783 0.98858 0.0033337 0.0018613 
666  0.0094019 -2.0227 0.98919 -0.0013431 0.0018453 
667  0.0090018 -2.0417 0.98946 -0.00058360 0.0018544 
668  0.0086017 -2.0617 0.98964 -0.0027929 0.0018457 
669  0.010002 -1.9955 0.98885 -0.0033615 0.0018451 
670  0.0092018 -2.0321 0.98933 -0.00019228 0.0018530 
671  0.0098020 -2.0044 0.98894 -0.0010592 0.0018594 
672  0.010402 -1.9783 0.98858 -0.0049853 0.0018451 
673  0.0086017 -2.0617 0.98964 0.00073435 0.0018582 
674  0.0096019 -2.0135 0.98906 -0.00042589 0.0018516 
675  0.010602 -1.9700 0.98842 -0.00019099 0.0018603 
676  0.0084017 -2.0720 0.98972 0.00095707 0.0018576 
677  0.0084017 -2.0720 0.98972 0.0020650 0.0018528 
678  0.0064013 -2.1909 0.99006 -0.0010761 0.0018459 
679  0.010402 -1.9783 0.98858 -0.00083373 0.0018544 
680  0.011602 -1.9304 0.98753 -0.0020006 0.0018508 
681  0.010602 -1.9700 0.98842 -0.00026238 0.0018569 
682  0.011002 -1.9537 0.98807 0.0022210 0.0018557 
683  0.011202 -1.9458 0.98791 0.00073006 0.0018595 
684  0.010602 -1.9700 0.98842 -0.0022061 0.0018462 
685  0.010202 -1.9869 0.98873 -0.0018450 0.0018473 
686  0.010602 -1.9700 0.98842 0.0022892 0.0018593 
687  0.0078016 -2.1044 0.98992 -0.0013746 0.0018477 
688  0.0092018 -2.0321 0.98933 0.00063204 0.0018554 
689  0.010602 -1.9700 0.98842 0.00069904 0.0018525 
690  0.0084017 -2.0720 0.98972 0.00025865 0.0018540 
691  0.010802 -1.9618 0.98824 0.0018511 0.0018598 
692  0.0094019 -2.0227 0.98919 0.00047328 0.0018597 
693  0.0084017 -2.0720 0.98972 -0.0012812 0.0018497 
694  0.018004 -1.7368 0.97973 0.017212 0.0019401 
695  0.0096019 -2.0135 0.98906 0.00038255 0.0018545 
696  0.011802 -1.9229 0.98731 0.00091722 0.0018567 
697  0.010402 -1.9783 0.98858 -0.00034229 0.0018611 
698  0.010202 -1.9869 0.98873 0.0024365 0.0018630 
699  0.0078016 -2.1044 0.98992 -0.00046900 0.0018511 
700  0.010602 -1.9700 0.98842 -0.0022756 0.0018469 
701  0.0092018 -2.0321 0.98933 -0.0015119 0.0018498 
702  0.0098020 -2.0044 0.98894 0.00088753 0.0018551 
703  0.011802 -1.9229 0.98731 0.0013106 0.0018627 
704  0.010402 -1.9783 0.98858 -0.0027913 0.0018549 
705  0.010802 -1.9618 0.98824 -0.0010161 0.0018529 
706  0.0096019 -2.0135 0.98906 0.00083147 0.0018528 
707  0.0096019 -2.0135 0.98906 0.0016450 0.0018578 
708  0.0092018 -2.0321 0.98933 -0.0020652 0.0018488 
709  0.010602 -1.9700 0.98842 -0.00043296 0.0018508 
710  0.010002 -1.9955 0.98885 -0.0044955 0.0018433 
711  0.0090018 -2.0417 0.98946 -0.0017680 0.0018480 
712  0.0094019 -2.0227 0.98919 0.00023162 0.0018613 
713  0.0092018 -2.0321 0.98933 -0.0032516 0.0018440 
714  0.010802 -1.9618 0.98824 -0.0014240 0.0018526 
715  0.0098020 -2.0044 0.98894 -0.0024732 0.0018477 
716  0.0094019 -2.0227 0.98919 -0.0010948 0.0018507 
717  0.0078016 -2.1044 0.98992 -0.00010139 0.0018539 
718  0.011402 -1.9380 0.98776 0.0020220 0.0018660 
719  0.0092018 -2.0321 0.98933 -2.6564e-05 0.0018504 
720  0.0090018 -2.0417 0.98946 0.00072932 0.0018555 
721  0.0096019 -2.0135 0.98906 0.0025552 0.0018607 
722  0.011002 -1.9537 0.98807 7.6801e-05 0.0018573 
723  0.0080016 -2.0933 0.98984 -0.00090875 0.0018499 
724  0.0084017 -2.0720 0.98972 0.00062363 0.0018513 
725  0.0090018 -2.0417 0.98946 -0.00099511 0.0018497 
726  0.013603 -1.8604 0.98471 -0.00010535 0.0018638 
727  0.010002 -1.9955 0.98885 -0.0011621 0.0018487 
728  0.010002 -1.9955 0.98885 -0.0043007 0.0018443 
729  0.0080016 -2.0933 0.98984 0.0013310 0.0018557 
730  0.012002 -1.9155 0.98714 -0.0032063 0.0018488 
731  0.0094019 -2.0227 0.98919 -0.00095616 0.0018531 
732  0.0098020 -2.0044 0.98894 0.0020698 0.0018606 
733  0.0070014 -2.1518 0.99001 -8.1716e-05 0.0018493 
734  0.010602 -1.9700 0.98842 0.00045944 0.0018631 
735  0.011402 -1.9380 0.98776 0.0013800 0.0018560 
736  0.0086017 -2.0617 0.98964 -0.0011192 0.0018483 
737  0.0082016 -2.0825 0.98979 -0.00059315 0.0018481 
738  0.010802 -1.9618 0.98824 -0.0012862 0.0018494 
739  0.0094019 -2.0227 0.98919 -0.0019547 0.0018444 
740  0.0090018 -2.0417 0.98946 -7.3409e-05 0.0018532 
741  0.011402 -1.9380 0.98776 7.7421e-05 0.0018565 
742  0.013003 -1.8803 0.98572 0.0033136 0.0018765 
743  0.010802 -1.9618 0.98824 -0.00089981 0.0018529 
744  0.011002 -1.9537 0.98807 -0.0010974 0.0018506 
745  0.0082016 -2.0825 0.98979 -0.0035396 0.0018428 
746  0.011202 -1.9458 0.98791 -0.0016083 0.0018510 
747  0.0086017 -2.0617 0.98964 -0.00048607 0.0018514 
748  0.010202 -1.9869 0.98873 0.00045239 0.0018566 
749  0.0076015 -2.1158 0.98995 -0.0023671 0.0018434 
750  0.0098020 -2.0044 0.98894 -0.00048762 0.0018520 
751  0.011402 -1.9380 0.98776 -0.0028951 0.0018547 
752  0.0084017 -2.0720 0.98972 -0.0015310 0.0018472 
753  0.0078016 -2.1044 0.98992 -0.00045979 0.0018472 
754  0.010402 -1.9783 0.98858 0.00093508 0.0018641 
755  0.010802 -1.9618 0.98824 0.0013643 0.0018642 
756  0.010802 -1.9618 0.98824 0.00024453 0.0018536 
757  0.0082016 -2.0825 0.98979 0.0012142 0.0018544 
758  0.012402 -1.9011 0.98663 0.0012828 0.0018750 
759  0.0094019 -2.0227 0.98919 0.0026872 0.0018634 
760  0.010402 -1.9783 0.98858 -0.00065713 0.0018506 
761  0.010202 -1.9869 0.98873 0.00014964 0.0018540 
762  0.011402 -1.9380 0.98776 0.0049164 0.0018784 
763  0.0094019 -2.0227 0.98919 -0.00031733 0.0018546 
764  0.0092018 -2.0321 0.98933 -0.0023587 0.0018452 
765  0.0090018 -2.0417 0.98946 0.00081716 0.0018574 
766  0.0064013 -2.1909 0.99006 -0.00087987 0.0018470 
767  0.011802 -1.9229 0.98731 0.0057804 0.0018831 
768  0.010802 -1.9618 0.98824 0.00092681 0.0018572 
769  0.0092018 -2.0321 0.98933 -0.00078089 0.0018517 
770  0.0090018 -2.0417 0.98946 -0.0024773 0.0018454 
771  0.010802 -1.9618 0.98824 -0.00019783 0.0018548 
772  0.010002 -1.9955 0.98885 -0.00062624 0.0018492 
773  0.0084017 -2.0720 0.98972 -0.00081077 0.0018485 
774  0.0098020 -2.0044 0.98894 0.00016713 0.0018564 
775  0.0094019 -2.0227 0.98919 -0.00039181 0.0018539 
776  0.011402 -1.9380 0.98776 8.0902e-05 0.0018571 
777  0.013803 -1.8540 0.98377 0.0060418 0.0018827 
778  0.0082016 -2.0825 0.98979 -0.0024236 0.0018446 
779  0.010402 -1.9783 0.98858 -0.00099926 0.0018532 
780  0.011202 -1.9458 0.98791 0.0017892 0.0018590 
781  0.0078016 -2.1044 0.98992 -0.0012691 0.0018493 
782  0.0076015 -2.1158 0.98995 0.00071815 0.0018539 
783  0.012603 -1.8940 0.98647 0.0021814 0.0018620 
784  0.0096019 -2.0135 0.98906 0.00075595 0.0018572 
785  0.0098020 -2.0044 0.98894 0.0020231 0.0018578 
786  0.0074015 -2.1275 0.98997 -0.00057863 0.0018464 
787  0.0094019 -2.0227 0.98919 0.0012879 0.0018532 
788  0.010002 -1.9955 0.98885 0.0010688 0.0018574 
789  0.010202 -1.9869 0.98873 -0.0012494 0.0018520 
790  0.012002 -1.9155 0.98714 -0.00023168 0.0018570 
791  0.010002 -1.9955 0.98885 -0.00053119 0.0018515 
792  0.0098020 -2.0044 0.98894 0.00089470 0.0018587 
793  0.0096019 -2.0135 0.98906 -8.0460e-05 0.0018595 
794  0.0082016 -2.0825 0.98979 -0.00047734 0.0018519 
795  0.011002 -1.9537 0.98807 -0.0021679 0.0018541 
796  0.010402 -1.9783 0.98858 -0.00087397 0.0018504 
797  0.011402 -1.9380 0.98776 0.00018000 0.0018561 
798  0.0080016 -2.0933 0.98984 9.9947e-05 0.0018521 
799  0.0096019 -2.0135 0.98906 0.0018384 0.0018633 
800  0.0086017 -2.0617 0.98964 -0.0024829 0.0018448 
801  0.011202 -1.9458 0.98791 -0.00080111 0.0018541 
802  0.013403 -1.8669 0.98521 0.0057230 0.0018789 
803  0.010202 -1.9869 0.98873 -0.00058568 0.0018589 
804  0.010402 -1.9783 0.98858 -0.00098680 0.0018499 
805  0.010002 -1.9955 0.98885 -0.0017116 0.0018493 
806  0.0088018 -2.0516 0.98954 -0.00096007 0.0018472 
807  0.0086017 -2.0617 0.98964 -0.00014264 0.0018523 
808  0.010002 -1.9955 0.98885 0.0017005 0.0018613 
809  0.011202 -1.9458 0.98791 -0.0011089 0.0018558 
810  0.011602 -1.9304 0.98753 -0.0019363 0.0018524 
811  0.012002 -1.9155 0.98714 0.0039321 0.0018744 
812  0.012402 -1.9011 0.98663 -0.00043982 0.0018540 
813  0.011402 -1.9380 0.98776 -0.0026585 0.0018487 
814  0.0084017 -2.0720 0.98972 -3.9922e-05 0.0018533 
815  0.0090018 -2.0417 0.98946 -0.00039233 0.0018506 
816  0.010602 -1.9700 0.98842 -0.0012054 0.0018543 
817  0.011602 -1.9304 0.98753 -0.0010772 0.0018530 
818  0.011402 -1.9380 0.98776 0.0023085 0.0018648 
819  0.010802 -1.9618 0.98824 0.0038557 0.0018849 
820  0.010602 -1.9700 0.98842 0.0023727 0.0018668 
821  0.0092018 -2.0321 0.98933 -0.00015788 0.0018561 
822  0.0098020 -2.0044 0.98894 -0.0019493 0.0018488 
823  0.011002 -1.9537 0.98807 -0.00024171 0.0018581 
824  0.0088018 -2.0516 0.98954 -0.00041503 0.0018576 
825  0.010002 -1.9955 0.98885 -0.00099912 0.0018496 
826  0.0096019 -2.0135 0.98906 -0.0012717 0.0018477 
827  0.011802 -1.9229 0.98731 0.00061974 0.0018641 
828  0.0092018 -2.0321 0.98933 -0.00072391 0.0018542 
829  0.010002 -1.9955 0.98885 0.00030626 0.0018523 
830  0.012803 -1.8871 0.98627 0.0080922 0.0018850 
831  0.0094019 -2.0227 0.98919 0.0046835 0.0018782 
832  0.0082016 -2.0825 0.98979 -0.0016730 0.0018508 
833  0.010802 -1.9618 0.98824 0.0010337 0.0018547 
834  0.0086017 -2.0617 0.98964 -0.00055282 0.0018489 
835  0.0098020 -2.0044 0.98894 -0.0030516 0.0018450 
836  0.0098020 -2.0044 0.98894 -0.0022099 0.0018460 
837  0.0080016 -2.0933 0.98984 0.0015372 0.0018594 
838  0.0090018 -2.0417 0.98946 2.3347e-05 0.0018557 
839  0.010202 -1.9869 0.98873 0.0018897 0.0018598 
840  0.011002 -1.9537 0.98807 -0.0029335 0.0018474 
841  0.0094019 -2.0227 0.98919 0.0019674 0.0018569 
842  0.011402 -1.9380 0.98776 0.0012931 0.0018618 
843  0.010002 -1.9955 0.98885 0.0020332 0.0018659 
844  0.010402 -1.9783 0.98858 0.0015256 0.0018594 
845  0.010802 -1.9618 0.98824 -0.00091234 0.0018494 
846  0.0076015 -2.1158 0.98995 -0.0025813 0.0018463 
847  0.0090018 -2.0417 0.98946 -0.00096676 0.0018510 
848  0.0088018 -2.0516 0.98954 0.0028591 0.0018636 
849  0.010002 -1.9955 0.98885 -0.0028901 0.0018453 
850  0.010402 -1.9783 0.98858 0.00036195 0.0018502 
851  0.010002 -1.9955 0.98885 -0.00010884 0.0018586 
852  0.010602 -1.9700 0.98842 0.0014454 0.0018609 
853  0.010602 -1.9700 0.98842 0.0045352 0.0018789 
854  0.010602 -1.9700 0.98842 -0.0012004 0.0018484 
855  0.0084017 -2.0720 0.98972 0.00021094 0.0018497 
856  0.0078016 -2.1044 0.98992 -0.00033166 0.0018517 
857  0.011602 -1.9304 0.98753 -0.0012510 0.0018609 
858  0.0082016 -2.0825 0.98979 0.0015351 0.0018563 
859  0.0074015 -2.1275 0.98997 0.0013398 0.0018546 
860  0.013003 -1.8803 0.98572 -0.0011161 0.0018520 
861  0.0086017 -2.0617 0.98964 -0.00071604 0.0018520 
862  0.010202 -1.9869 0.98873 0.00044478 0.0018544 
863  0.013803 -1.8540 0.98377 0.0034441 0.0018678 
864  0.010202 -1.9869 0.98873 0.00063137 0.0018527 
865  0.010002 -1.9955 0.98885 0.0026996 0.0018626 
866  0.0076015 -2.1158 0.98995 -0.0012636 0.0018482 
867  0.0092018 -2.0321 0.98933 0.0021812 0.0018594 
868  0.0086017 -2.0617 0.98964 0.0020825 0.0018652 
869  0.010802 -1.9618 0.98824 0.0026888 0.0018709 
870  0.0082016 -2.0825 0.98979 -5.5584e-05 0.0018500 
871  0.012202 -1.9082 0.98684 -0.00044438 0.0018559 
872  0.010202 -1.9869 0.98873 -0.0025584 0.0018472 
873  0.0078016 -2.1044 0.98992 -0.0032988 0.0018424 
874  0.012603 -1.8940 0.98647 -0.0036565 0.0018473 
875  0.0094019 -2.0227 0.98919 -0.0010629 0.0018498 
876  0.0084017 -2.0720 0.98972 -0.00036561 0.0018519 
877  0.013203 -1.8736 0.98536 -0.0012206 0.0018541 
878  0.0096019 -2.0135 0.98906 -0.00046753 0.0018512 
879  0.0078016 -2.1044 0.98992 -0.00019356 0.0018509 
880  0.0090018 -2.0417 0.98946 -0.00098134 0.0018473 
881  0.0080016 -2.0933 0.98984 -0.00047269 0.0018526 
882  0.0080016 -2.0933 0.98984 -0.00075620 0.0018494 
883  0.0094019 -2.0227 0.98919 0.0013957 0.0018563 
884  0.0090018 -2.0417 0.98946 0.0010072 0.0018627 
885  0.011002 -1.9537 0.98807 0.0011134 0.0018657 
886  0.011402 -1.9380 0.98776 -0.0020596 0.0018502 
887  0.011002 -1.9537 0.98807 -0.0014056 0.0018506 
888  0.0086017 -2.0617 0.98964 0.00060172 0.0018533 
889  0.0092018 -2.0321 0.98933 -0.00099632 0.0018527 
890  0.010402 -1.9783 0.98858 -0.0013440 0.0018529 
891  0.0090018 -2.0417 0.98946 0.00019337 0.0018599 
892  0.012002 -1.9155 0.98714 -0.0014461 0.0018626 
893  0.010602 -1.9700 0.98842 0.0028948 0.0018650 
894  0.012002 -1.9155 0.98714 -0.00044309 0.0018560 
895  0.0092018 -2.0321 0.98933 -0.0014183 0.0018506 
896  0.011402 -1.9380 0.98776 -0.00068851 0.0018547 
897  0.010402 -1.9783 0.98858 -0.0011882 0.0018511 
898  0.011402 -1.9380 0.98776 0.0023527 0.0018602 
899  0.0096019 -2.0135 0.98906 -0.0018451 0.0018543 
900  0.0092018 -2.0321 0.98933 -0.00072722 0.0018525 
901  0.0078016 -2.1044 0.98992 0.0011684 0.0018534 
902  0.010802 -1.9618 0.98824 0.0026337 0.0018663 
903  0.0070014 -2.1518 0.99001 -0.00069879 0.0018503 
904  0.0088018 -2.0516 0.98954 -0.00056659 0.0018542 
905  0.0084017 -2.0720 0.98972 -0.00030622 0.0018508 
906  0.0084017 -2.0720 0.98972 -0.00038637 0.0018491 
907  0.018604 -1.7222 0.97860 0.016837 0.0019524 
908  0.010602 -1.9700 0.98842 0.00024504 0.0018505 
909  0.010202 -1.9869 0.98873 -0.0021606 0.0018485 
910  0.0082016 -2.0825 0.98979 -0.00088034 0.0018504 
911  0.011002 -1.9537 0.98807 0.0010468 0.0018581 
912  0.0082016 -2.0825 0.98979 0.00027839 0.0018544 
913  0.0088018 -2.0516 0.98954 -0.00016805 0.0018524 
914  0.0086017 -2.0617 0.98964 -0.0013149 0.0018487 
915  0.0090018 -2.0417 0.98946 -0.0018783 0.0018485 
916  0.0082016 -2.0825 0.98979 -0.0028020 0.0018439 
917  0.010602 -1.9700 0.98842 -0.00015076 0.0018533 
918  0.010602 -1.9700 0.98842 0.0016784 0.0018560 
919  0.0092018 -2.0321 0.98933 -0.00070643 0.0018488 
920  0.0064013 -2.1909 0.99006 -0.0018089 0.0018453 
921  0.012402 -1.9011 0.98663 -0.0010425 0.0018580 
922  0.0076015 -2.1158 0.98995 -0.0018131 0.0018501 
923  0.0090018 -2.0417 0.98946 0.0015922 0.0018603 
924  0.0088018 -2.0516 0.98954 -0.00012807 0.0018554 
925  0.011002 -1.9537 0.98807 0.0014822 0.0018605 
926  0.0092018 -2.0321 0.98933 0.00025131 0.0018499 
927  0.0090018 -2.0417 0.98946 -0.0023769 0.0018467 
928  0.012002 -1.9155 0.98714 -0.0011982 0.0018569 
929  0.0078016 -2.1044 0.98992 0.0016755 0.0018664 
930  0.0096019 -2.0135 0.98906 0.00051483 0.0018549 
931  0.011202 -1.9458 0.98791 0.0022095 0.0018663 
932  0.0088018 -2.0516 0.98954 -0.00050157 0.0018501 
933  0.010802 -1.9618 0.98824 0.00017531 0.0018541 
934  0.010802 -1.9618 0.98824 -0.0022110 0.0018500 
935  0.0072014 -2.1394 0.98999 -0.00031065 0.0018472 
936  0.0076015 -2.1158 0.98995 -0.00027421 0.0018493 
937  0.010602 -1.9700 0.98842 0.00010165 0.0018529 
938  0.0084017 -2.0720 0.98972 -0.0019125 0.0018522 
939  0.014003 -1.8477 0.98308 0.0039939 0.0018666 
940  0.0092018 -2.0321 0.98933 -0.0016261 0.0018534 
941  0.012402 -1.9011 0.98663 0.0022511 0.0018683 
942  0.010002 -1.9955 0.98885 -0.0015491 0.0018514 
943  0.011002 -1.9537 0.98807 0.0012821 0.0018541 
944  0.012603 -1.8940 0.98647 0.0030481 0.0018651 
945  0.010002 -1.9955 0.98885 0.0030452 0.0018743 
946  0.011402 -1.9380 0.98776 0.0015889 0.0018605 
947  0.010002 -1.9955 0.98885 -0.0033352 0.0018484 
948  0.0094019 -2.0227 0.98919 -0.0021567 0.0018474 
949  0.0086017 -2.0617 0.98964 -0.0011791 0.0018470 
950  0.0098020 -2.0044 0.98894 0.0010236 0.0018572 
951  0.015203 -1.8114 0.98100 0.0029965 0.0018824 
952  0.0088018 -2.0516 0.98954 -0.00070993 0.0018486 
953  0.0096019 -2.0135 0.98906 -0.00086835 0.0018552 
954  0.010602 -1.9700 0.98842 0.00032011 0.0018589 
955  0.010002 -1.9955 0.98885 -0.00055849 0.0018576 
956  0.0090018 -2.0417 0.98946 -0.00025049 0.0018551 
957  0.0074015 -2.1275 0.98997 -0.00032739 0.0018506 
958  0.010602 -1.9700 0.98842 -0.0025857 0.0018506 
959  0.0086017 -2.0617 0.98964 -0.0014179 0.0018535 
960  0.0094019 -2.0227 0.98919 0.00027232 0.0018514 
961  0.0090018 -2.0417 0.98946 -0.0017482 0.0018480 
962  0.011602 -1.9304 0.98753 -0.0025254 0.0018482 
963  0.0072014 -2.1394 0.98999 0.0021338 0.0018573 
964  0.0086017 -2.0617 0.98964 0.00045632 0.0018540 
965  0.0070014 -2.1518 0.99001 -0.00071589 0.0018474 
966  0.0090018 -2.0417 0.98946 0.00034216 0.0018579 
967  0.011402 -1.9380 0.98776 -0.00073555 0.0018533 
968  0.011202 -1.9458 0.98791 0.0025210 0.0018659 
969  0.010402 -1.9783 0.98858 0.00098278 0.0018557 
970  0.010802 -1.9618 0.98824 0.0010635 0.0018594 
971  0.012803 -1.8871 0.98627 0.00095956 0.0018618 
972  0.0096019 -2.0135 0.98906 -0.0023676 0.0018517 
973  0.011402 -1.9380 0.98776 0.0024573 0.0018697 
974  0.010402 -1.9783 0.98858 -0.0022148 0.0018499 
975  0.010202 -1.9869 0.98873 0.0029022 0.0018627 
976  0.0084017 -2.0720 0.98972 0.00074108 0.0018555 
977  0.010802 -1.9618 0.98824 0.00088518 0.0018595 
978  0.011002 -1.9537 0.98807 -0.0029391 0.0018457 
979  0.011002 -1.9537 0.98807 -0.0019011 0.0018507 
980  0.010202 -1.9869 0.98873 0.0010950 0.0018641 
981  0.010202 -1.9869 0.98873 -0.0013520 0.0018509 
982  0.0098020 -2.0044 0.98894 -0.00030025 0.0018559 
983  0.011602 -1.9304 0.98753 0.00068268 0.0018596 
984  0.0092018 -2.0321 0.98933 -0.0011378 0.0018528 
985  0.010202 -1.9869 0.98873 -0.00082179 0.0018539 
986  0.0096019 -2.0135 0.98906 0.00053104 0.0018546 
987  0.012803 -1.8871 0.98627 0.0018052 0.0018671 
988  0.010602 -1.9700 0.98842 0.0029041 0.0018653 
989  0.011602 -1.9304 0.98753 -0.0037393 0.0018460 
990  0.0086017 -2.0617 0.98964 -0.00078170 0.0018500 
991  0.0078016 -2.1044 0.98992 0.00068903 0.0018607 
992  0.010002 -1.9955 0.98885 0.00074578 0.0018524 
993  0.012603 -1.8940 0.98647 0.00035157 0.0018563 
994  0.0078016 -2.1044 0.98992 -0.00081612 0.0018485 
995  0.0086017 -2.0617 0.98964 0.00070100 0.0018577 
996  0.0078016 -2.1044 0.98992 -0.0010594 0.0018478 
997  0.010402 -1.9783 0.98858 -0.00059648 0.0018558 
998  0.0084017 -2.0720 0.98972 7.7056e-05 0.0018532 
999  0.011202 -1.9458 0.98791 -0.0016872 0.0018501 
1000  0.0086017 -2.0617 0.98964 -0.0010404 0.0018507 
1001  0.0092018 -2.0321 0.98933 -0.00051875 0.0018511 
1002  0.011402 -1.9380 0.98776 0.00014065 0.0018600 
1003  0.0076015 -2.1158 0.98995 0.00018892 0.0018524 
1004  0.0086017 -2.0617 0.98964 -0.0011229 0.0018475 
1005  0.0080016 -2.0933 0.98984 0.00090232 0.0018556 
1006  0.011402 -1.9380 0.98776 0.00094814 0.0018535 
1007  0.0082016 -2.0825 0.98979 0.0018483 0.0018602 
1008  0.0092018 -2.0321 0.98933 -0.00011563 0.0018532 
1009  0.012002 -1.9155 0.98714 0.0079589 0.0018984 
1010  0.0090018 -2.0417 0.98946 -0.0032572 0.0018451 
1011  0.011202 -1.9458 0.98791 8.0143e-06 0.0018548 
1012  0.0092018 -2.0321 0.98933 -0.0016346 0.0018479 
1013  0.0078016 -2.1044 0.98992 -0.00089308 0.0018501 
1014  0.011402 -1.9380 0.98776 -0.0023282 0.0018494 
1015  0.0086017 -2.0617 0.98964 0.00073753 0.0018551 
1016  0.012803 -1.8871 0.98627 -0.00089751 0.0018543 
1017  0.0088018 -2.0516 0.98954 -0.0018357 0.0018487 
1018  0.010002 -1.9955 0.98885 0.00026513 0.0018582 
1019  0.0092018 -2.0321 0.98933 0.00054756 0.0018570 
1020  0.012002 -1.9155 0.98714 -0.0015663 0.0018538 
1021  0.010202 -1.9869 0.98873 -0.00022392 0.0018591 
1022  0.012202 -1.9082 0.98684 -0.0059198 0.0018409 
1023  0.0062012 -2.2048 0.99006 -0.0025396 0.0018431 
1024  0.0084017 -2.0720 0.98972 0.0010183 0.0018587 
1025  0.013403 -1.8669 0.98521 0.0026033 0.0018672 
1026  0.010802 -1.9618 0.98824 0.0018693 0.0018614 
1027  0.0098020 -2.0044 0.98894 -0.0027161 0.0018511 
1028  0.012002 -1.9155 0.98714 0.0029697 0.0018700 
1029  0.010002 -1.9955 0.98885 -0.00059482 0.0018513 
1030  0.012002 -1.9155 0.98714 0.0051181 0.0018797 
1031  0.010402 -1.9783 0.98858 0.00095745 0.0018596 
1032  0.011802 -1.9229 0.98731 0.00041084 0.0018668 
1033  0.0096019 -2.0135 0.98906 3.1203e-05 0.0018601 
1034  0.0096019 -2.0135 0.98906 0.0030933 0.0018602 
1035  0.011602 -1.9304 0.98753 0.0013647 0.0018556 
1036  0.012402 -1.9011 0.98663 -0.0021915 0.0018544 
1037  0.0094019 -2.0227 0.98919 -0.0016873 0.0018488 
1038  0.012202 -1.9082 0.98684 -0.00087314 0.0018582 
1039  0.0092018 -2.0321 0.98933 0.00075151 0.0018543 
1040  0.011802 -1.9229 0.98731 0.0021018 0.0018611 
1041  0.0084017 -2.0720 0.98972 -0.00085865 0.0018546 
1042  0.010002 -1.9955 0.98885 -0.0036686 0.0018451 
1043  0.0088018 -2.0516 0.98954 -0.00043322 0.0018581 
1044  0.0082016 -2.0825 0.98979 -0.0024891 0.0018448 
1045  0.0094019 -2.0227 0.98919 0.0011018 0.0018534 
1046  0.0078016 -2.1044 0.98992 0.00088871 0.0018556 
1047  0.010202 -1.9869 0.98873 -0.0018521 0.0018491 
1048  0.024205 -1.6055 0.97580 0.028900 0.0020186 
1049  0.011202 -1.9458 0.98791 0.0023299 0.0018579 
1050  0.010602 -1.9700 0.98842 0.0016049 0.0018566 
1051  0.0096019 -2.0135 0.98906 -0.00029668 0.0018540 
1052  0.010602 -1.9700 0.98842 -0.0037072 0.0018446 
1053  0.0094019 -2.0227 0.98919 0.0017649 0.0018601 
1054  0.0092018 -2.0321 0.98933 -0.0040000 0.0018447 
1055  0.010202 -1.9869 0.98873 -0.0015185 0.0018482 
1056  0.0096019 -2.0135 0.98906 -0.00087684 0.0018506 
1057  0.0090018 -2.0417 0.98946 0.00039812 0.0018513 
1058  0.010402 -1.9783 0.98858 0.0010102 0.0018623 
1059  0.0092018 -2.0321 0.98933 -0.0014292 0.0018483 
1060  0.010002 -1.9955 0.98885 0.00094209 0.0018624 
1061  0.010002 -1.9955 0.98885 0.0024724 0.0018634 
1062  0.0066013 -2.1775 0.99003 0.00063998 0.0018496 
1063  0.0092018 -2.0321 0.98933 -0.00083864 0.0018523 
1064  0.013403 -1.8669 0.98521 -0.0021137 0.0018526 
1065  0.0098020 -2.0044 0.98894 -0.0023265 0.0018490 
1066  0.010002 -1.9955 0.98885 0.00088330 0.0018619 
1067  0.010202 -1.9869 0.98873 0.0010761 0.0018564 
1068  0.0094019 -2.0227 0.98919 0.0027289 0.0018626 
1069  0.0098020 -2.0044 0.98894 -0.00082098 0.0018541 
1070  0.011802 -1.9229 0.98731 0.0042777 0.0018734 
