    prob  log10(PO)   qval  alpha  fst
1  0.0090018 -2.04174 0.989506 -0.00050971 0.0018324 
2  0.0098020 -2.0044 0.98898 -0.0026657 0.0018309 
3  0.0082016 -2.0825 0.98989 -0.0025601 0.0018284 
4  0.0090018 -2.0417 0.98951 0.0016779 0.0018435 
5  0.0090018 -2.0417 0.98951 -1.7018e-05 0.0018368 
6  0.011002 -1.9537 0.98799 0.0010613 0.0018437 
7  0.010202 -1.9869 0.98869 0.00040833 0.0018345 
8  0.0092018 -2.0321 0.98936 0.00017403 0.0018374 
9  0.0094019 -2.0227 0.98923 -0.00026093 0.0018346 
10  0.011002 -1.9537 0.98799 0.0013264 0.0018395 
11  0.0076015 -2.1158 0.99003 -0.00055357 0.0018317 
12  0.0092018 -2.0321 0.98936 -0.00020042 0.0018380 
13  0.0088018 -2.0516 0.98961 -0.00021920 0.0018347 
14  0.0088018 -2.0516 0.98961 0.00043878 0.0018371 
15  0.0088018 -2.0516 0.98961 -0.00080361 0.0018301 
16  0.0094019 -2.0227 0.98923 0.0017327 0.0018437 
17  0.010202 -1.9869 0.98869 -0.0012683 0.0018338 
18  0.0082016 -2.0825 0.98989 -0.0019129 0.0018279 
19  0.010602 -1.9700 0.98840 -0.00075242 0.0018352 
20  0.0092018 -2.0321 0.98936 0.0010630 0.0018337 
21  0.0092018 -2.0321 0.98936 0.00056739 0.0018341 
22  0.011202 -1.9458 0.98781 0.0032184 0.0018545 
23  0.0090018 -2.0417 0.98951 -0.00015838 0.0018343 
24  0.0096019 -2.0135 0.98910 -0.0016047 0.0018276 
25  0.010202 -1.9869 0.98869 0.0020502 0.0018403 
26  0.0086017 -2.0617 0.98969 -0.00061677 0.0018321 
27  0.0092018 -2.0321 0.98936 -0.0017865 0.0018301 
28  0.010402 -1.9783 0.98856 -0.00021281 0.0018419 
29  0.0090018 -2.0417 0.98951 -0.0022322 0.0018298 
30  0.011202 -1.9458 0.98781 -0.00029043 0.0018401 
31  0.011802 -1.9229 0.98726 0.00053453 0.0018400 
32  0.012002 -1.9155 0.98706 -0.00012404 0.0018407 
33  0.0078016 -2.1044 0.99001 0.0012088 0.0018398 
34  0.0090018 -2.0417 0.98951 0.0023698 0.0018411 
35  0.012803 -1.8871 0.98624 0.0045375 0.0018570 
36  0.010802 -1.9618 0.98820 -0.00094100 0.0018318 
37  0.0090018 -2.0417 0.98951 -0.0035461 0.0018275 
38  0.0080016 -2.0933 0.98994 0.00038202 0.0018327 
39  0.011202 -1.9458 0.98781 0.0019124 0.0018435 
40  0.010602 -1.9700 0.98840 0.0036212 0.0018539 
41  0.0090018 -2.0417 0.98951 0.0016058 0.0018410 
42  0.010602 -1.9700 0.98840 -0.00044489 0.0018356 
43  0.0098020 -2.0044 0.98898 -0.00022023 0.0018349 
44  0.011402 -1.9380 0.98761 0.00031282 0.0018397 
45  0.013403 -1.8669 0.98539 0.0036048 0.0018582 
46  0.012202 -1.9082 0.98683 -0.00068606 0.0018331 
47  0.011402 -1.9380 0.98761 0.0011088 0.0018443 
48  0.0078016 -2.1044 0.99001 0.0019702 0.0018364 
49  0.0092018 -2.0321 0.98936 0.0013933 0.0018392 
50  0.011002 -1.9537 0.98799 0.00028215 0.0018385 
51  0.0092018 -2.0321 0.98936 -0.0022009 0.0018313 
52  0.0078016 -2.1044 0.99001 -0.00066602 0.0018332 
53  0.0094019 -2.0227 0.98923 0.0013697 0.0018384 
54  0.0094019 -2.0227 0.98923 -0.00089333 0.0018336 
55  0.010202 -1.9869 0.98869 0.0027823 0.0018459 
56  0.0098020 -2.0044 0.98898 -0.0013505 0.0018329 
57  0.013203 -1.8736 0.98561 0.0027170 0.0018482 
58  0.011402 -1.9380 0.98761 -0.00079448 0.0018360 
59  0.012002 -1.9155 0.98706 -0.0015994 0.0018318 
60  0.0082016 -2.0825 0.98989 -0.00028132 0.0018365 
61  0.011202 -1.9458 0.98781 -0.0011818 0.0018306 
62  0.011002 -1.9537 0.98799 0.00020094 0.0018375 
63  0.0090018 -2.0417 0.98951 -0.0014243 0.0018341 
64  0.0092018 -2.0321 0.98936 -0.00027539 0.0018344 
65  0.0098020 -2.0044 0.98898 -6.4713e-05 0.0018359 
66  0.012202 -1.9082 0.98683 0.0010706 0.0018438 
67  0.010002 -1.9955 0.98885 -0.0022375 0.0018363 
68  0.0084017 -2.0720 0.98978 -0.0029995 0.0018265 
69  0.0084017 -2.0720 0.98978 -0.0024621 0.0018294 
70  0.011602 -1.9304 0.98748 0.0010542 0.0018409 
71  0.012803 -1.8871 0.98624 0.00059731 0.0018351 
72  0.0096019 -2.0135 0.98910 0.0010995 0.0018435 
73  0.0092018 -2.0321 0.98936 0.0011938 0.0018405 
74  0.010202 -1.9869 0.98869 0.0030277 0.0018519 
75  0.013803 -1.8540 0.98455 0.0068694 0.0018649 
76  0.0078016 -2.1044 0.99001 -0.0014520 0.0018268 
77  0.011802 -1.9229 0.98726 -0.0019591 0.0018309 
78  0.0090018 -2.0417 0.98951 -0.0018224 0.0018293 
79  0.0082016 -2.0825 0.98989 -0.0015263 0.0018361 
80  0.0082016 -2.0825 0.98989 0.0024900 0.0018441 
81  0.0098020 -2.0044 0.98898 -0.00067930 0.0018349 
82  0.0084017 -2.0720 0.98978 0.00081072 0.0018339 
83  0.010802 -1.9618 0.98820 -0.00020225 0.0018371 
84  0.0092018 -2.0321 0.98936 -0.00089255 0.0018317 
85  0.0064013 -2.1909 0.99019 -0.0013309 0.0018276 
86  0.0090018 -2.0417 0.98951 0.0026080 0.0018470 
87  0.0094019 -2.0227 0.98923 -0.0014035 0.0018315 
88  0.0086017 -2.0617 0.98969 0.00042821 0.0018347 
89  0.010802 -1.9618 0.98820 -0.00037896 0.0018328 
90  0.0078016 -2.1044 0.99001 5.1214e-05 0.0018312 
91  0.0088018 -2.0516 0.98961 -0.0012226 0.0018291 
92  0.0094019 -2.0227 0.98923 -0.00046491 0.0018337 
93  0.010002 -1.9955 0.98885 -0.00025791 0.0018293 
94  0.0088018 -2.0516 0.98961 -0.0027750 0.0018290 
95  0.0074015 -2.1275 0.99008 -0.0033381 0.0018245 
96  0.0090018 -2.0417 0.98951 -7.4846e-05 0.0018317 
97  0.0098020 -2.0044 0.98898 -0.0032634 0.0018295 
98  0.010802 -1.9618 0.98820 -0.0022824 0.0018319 
99  0.012002 -1.9155 0.98706 0.00092322 0.0018395 
100  0.0078016 -2.1044 0.99001 -0.00076740 0.0018298 
101  0.011802 -1.9229 0.98726 -0.00035633 0.0018386 
102  0.010202 -1.9869 0.98869 -0.00016208 0.0018315 
103  0.0096019 -2.0135 0.98910 -0.00064062 0.0018325 
104  0.0064013 -2.1909 0.99019 -0.0023479 0.0018255 
105  0.011002 -1.9537 0.98799 -0.0028723 0.0018304 
106  0.011602 -1.9304 0.98748 -0.0025256 0.0018302 
107  0.011002 -1.9537 0.98799 -0.00099025 0.0018376 
108  0.011002 -1.9537 0.98799 -0.00043053 0.0018345 
109  0.010802 -1.9618 0.98820 -0.0018620 0.0018348 
110  0.0086017 -2.0617 0.98969 -0.0015064 0.0018294 
111  0.0094019 -2.0227 0.98923 -0.00030383 0.0018303 
112  0.0094019 -2.0227 0.98923 0.0027644 0.0018454 
113  0.012803 -1.8871 0.98624 0.0032347 0.0018677 
114  0.0086017 -2.0617 0.98969 0.00086561 0.0018454 
115  0.0078016 -2.1044 0.99001 -0.0016912 0.0018306 
116  0.010802 -1.9618 0.98820 -0.0011943 0.0018315 
117  0.0076015 -2.1158 0.99003 0.00089809 0.0018349 
118  0.0090018 -2.0417 0.98951 -0.00045065 0.0018324 
119  0.010602 -1.9700 0.98840 -0.0010738 0.0018322 
120  0.012803 -1.8871 0.98624 0.0083340 0.0018975 
121  0.011402 -1.9380 0.98761 0.0012614 0.0018440 
122  0.0072014 -2.1394 0.99010 -0.0013426 0.0018325 
123  0.012202 -1.9082 0.98683 -0.00056553 0.0018430 
124  0.010602 -1.9700 0.98840 -0.0031664 0.0018288 
125  0.011002 -1.9537 0.98799 0.00079956 0.0018428 
126  0.011602 -1.9304 0.98748 0.0028892 0.0018487 
127  0.012002 -1.9155 0.98706 -0.00041460 0.0018338 
128  0.010602 -1.9700 0.98840 0.0026694 0.0018606 
129  0.011202 -1.9458 0.98781 0.0015701 0.0018438 
130  0.0096019 -2.0135 0.98910 -0.00088131 0.0018313 
131  0.011202 -1.9458 0.98781 0.0017763 0.0018423 
132  0.011202 -1.9458 0.98781 -3.9216e-05 0.0018471 
133  0.0078016 -2.1044 0.99001 0.0015651 0.0018367 
134  0.011202 -1.9458 0.98781 0.0013501 0.0018399 
135  0.010602 -1.9700 0.98840 -0.0017899 0.0018334 
136  0.0096019 -2.0135 0.98910 0.0017546 0.0018426 
137  0.013603 -1.8604 0.98501 0.0064731 0.0018570 
138  0.0068014 -2.1644 0.99017 0.00071355 0.0018357 
139  0.011602 -1.9304 0.98748 -0.00041404 0.0018420 
140  0.012402 -1.9011 0.98667 -0.0018311 0.0018318 
141  0.010202 -1.9869 0.98869 0.00065972 0.0018394 
142  0.010602 -1.9700 0.98840 0.00015196 0.0018344 
143  0.0082016 -2.0825 0.98989 -0.00067125 0.0018359 
144  0.0092018 -2.0321 0.98936 -0.00094099 0.0018352 
145  0.0096019 -2.0135 0.98910 0.0018790 0.0018386 
146  0.011602 -1.9304 0.98748 0.00019054 0.0018353 
147  0.011002 -1.9537 0.98799 0.0025941 0.0018457 
148  0.0090018 -2.0417 0.98951 5.9237e-05 0.0018364 
149  0.0098020 -2.0044 0.98898 -0.0019383 0.0018323 
150  0.0086017 -2.0617 0.98969 0.0018637 0.0018405 
151  0.010802 -1.9618 0.98820 -0.00053833 0.0018346 
152  0.0092018 -2.0321 0.98936 -0.0035862 0.0018254 
153  0.0082016 -2.0825 0.98989 -0.00069886 0.0018338 
154  0.011002 -1.9537 0.98799 -0.0011373 0.0018312 
155  0.0088018 -2.0516 0.98961 -0.0012925 0.0018302 
156  0.010402 -1.9783 0.98856 -0.00036042 0.0018327 
157  0.0090018 -2.0417 0.98951 -0.0018082 0.0018299 
158  0.0068014 -2.1644 0.99017 -0.00082345 0.0018298 
159  0.011002 -1.9537 0.98799 -0.0030614 0.0018275 
160  0.0072014 -2.1394 0.99010 0.0011691 0.0018350 
161  0.011402 -1.9380 0.98761 0.0020431 0.0018475 
162  0.0062012 -2.2048 0.99021 7.1426e-05 0.0018341 
163  0.010602 -1.9700 0.98840 -0.00064920 0.0018301 
164  0.0098020 -2.0044 0.98898 -0.0019904 0.0018268 
165  0.0090018 -2.0417 0.98951 0.0015393 0.0018342 
166  0.0094019 -2.0227 0.98923 -0.00026604 0.0018355 
167  0.0098020 -2.0044 0.98898 0.00031169 0.0018343 
168  0.0090018 -2.0417 0.98951 0.0032664 0.0018511 
169  0.010402 -1.9783 0.98856 0.0013041 0.0018436 
170  0.010802 -1.9618 0.98820 0.0010874 0.0018454 
171  0.0082016 -2.0825 0.98989 0.00086887 0.0018393 
172  0.012002 -1.9155 0.98706 0.0027959 0.0018442 
173  0.0094019 -2.0227 0.98923 -0.00042555 0.0018322 
174  0.0076015 -2.1158 0.99003 8.5093e-06 0.0018331 
175  0.011202 -1.9458 0.98781 -0.0013877 0.0018348 
176  0.0086017 -2.0617 0.98969 0.0010605 0.0018499 
177  0.0082016 -2.0825 0.98989 0.00023696 0.0018322 
178  0.010602 -1.9700 0.98840 -0.0015299 0.0018368 
179  0.0094019 -2.0227 0.98923 0.0025144 0.0018472 
180  0.0092018 -2.0321 0.98936 0.0027867 0.0018410 
181  0.0074015 -2.1275 0.99008 -0.00018423 0.0018359 
182  0.0090018 -2.0417 0.98951 -0.0013117 0.0018289 
183  0.013003 -1.8803 0.98595 0.00011943 0.0018442 
184  0.010002 -1.9955 0.98885 -0.0051530 0.0018224 
185  0.0098020 -2.0044 0.98898 0.0029714 0.0018512 
186  0.0084017 -2.0720 0.98978 9.2685e-05 0.0018347 
187  0.0092018 -2.0321 0.98936 -0.0016075 0.0018302 
188  0.010202 -1.9869 0.98869 0.00064514 0.0018384 
189  0.0082016 -2.0825 0.98989 -0.0024333 0.0018299 
190  0.0094019 -2.0227 0.98923 -0.0018095 0.0018338 
191  0.010402 -1.9783 0.98856 0.00068401 0.0018412 
192  0.0090018 -2.0417 0.98951 -0.0019281 0.0018276 
193  0.0082016 -2.0825 0.98989 -0.0022279 0.0018317 
194  0.014403 -1.8353 0.98306 0.00055230 0.0018372 
195  0.0086017 -2.0617 0.98969 -0.00070990 0.0018324 
196  0.0096019 -2.0135 0.98910 0.00091063 0.0018403 
197  0.0088018 -2.0516 0.98961 -0.00071690 0.0018333 
198  0.010602 -1.9700 0.98840 -0.00088548 0.0018366 
199  0.012803 -1.8871 0.98624 0.0021329 0.0018438 
200  0.010402 -1.9783 0.98856 -0.0012500 0.0018303 
201  0.010402 -1.9783 0.98856 0.0035791 0.0018484 
202  0.010002 -1.9955 0.98885 -0.0014161 0.0018374 
203  0.010602 -1.9700 0.98840 0.0021385 0.0018431 
204  0.0094019 -2.0227 0.98923 -0.0013880 0.0018270 
205  0.0070014 -2.1518 0.99014 -0.0020382 0.0018345 
206  0.011002 -1.9537 0.98799 -0.00054593 0.0018334 
207  0.0084017 -2.0720 0.98978 -0.0013528 0.0018290 
208  0.010602 -1.9700 0.98840 0.00018702 0.0018329 
209  0.013203 -1.8736 0.98561 0.0037802 0.0018542 
210  0.010602 -1.9700 0.98840 -0.00035623 0.0018380 
211  0.0094019 -2.0227 0.98923 -0.0012121 0.0018329 
212  0.0092018 -2.0321 0.98936 -0.0033401 0.0018342 
213  0.0074015 -2.1275 0.99008 0.00039129 0.0018361 
214  0.011002 -1.9537 0.98799 -0.0019210 0.0018316 
215  0.0096019 -2.0135 0.98910 -0.0025424 0.0018326 
216  0.0090018 -2.0417 0.98951 -0.00056721 0.0018296 
217  0.0096019 -2.0135 0.98910 0.0014466 0.0018431 
218  0.010202 -1.9869 0.98869 -0.00011351 0.0018357 
219  0.0094019 -2.0227 0.98923 -0.00018490 0.0018336 
220  0.010602 -1.9700 0.98840 -0.0022557 0.0018303 
221  0.010402 -1.9783 0.98856 -0.0022406 0.0018337 
222  0.0082016 -2.0825 0.98989 -0.0012266 0.0018293 
223  0.0088018 -2.0516 0.98961 -0.00016993 0.0018328 
224  0.0090018 -2.0417 0.98951 -0.00084946 0.0018317 
225  0.012402 -1.9011 0.98667 -0.0010246 0.0018377 
226  0.0070014 -2.1518 0.99014 0.00069208 0.0018377 
227  0.011002 -1.9537 0.98799 -0.00041436 0.0018342 
228  0.0098020 -2.0044 0.98898 -0.0022810 0.0018286 
229  0.0090018 -2.0417 0.98951 -0.0036154 0.0018267 
230  0.0088018 -2.0516 0.98961 -0.0014278 0.0018295 
231  0.0088018 -2.0516 0.98961 -0.0015111 0.0018319 
232  0.010002 -1.9955 0.98885 -0.0031913 0.0018292 
233  0.010002 -1.9955 0.98885 0.00023259 0.0018352 
234  0.0070014 -2.1518 0.99014 -0.00086410 0.0018297 
235  0.0072014 -2.1394 0.99010 0.0015488 0.0018372 
236  0.010002 -1.9955 0.98885 -0.0025685 0.0018305 
237  0.0096019 -2.0135 0.98910 -0.0012541 0.0018280 
238  0.011602 -1.9304 0.98748 0.00074415 0.0018387 
239  0.0072014 -2.1394 0.99010 -0.00051950 0.0018349 
240  0.0078016 -2.1044 0.99001 -0.0013321 0.0018369 
241  0.0094019 -2.0227 0.98923 0.0011240 0.0018367 
242  0.010602 -1.9700 0.98840 0.00030213 0.0018349 
243  0.010402 -1.9783 0.98856 -0.0018952 0.0018335 
244  0.011202 -1.9458 0.98781 0.0030208 0.0018481 
245  0.012002 -1.9155 0.98706 0.0012619 0.0018422 
246  0.0084017 -2.0720 0.98978 0.0032964 0.0018466 
247  0.0088018 -2.0516 0.98961 -0.00032338 0.0018358 
248  0.0094019 -2.0227 0.98923 -0.0012446 0.0018312 
249  0.011002 -1.9537 0.98799 -0.0016708 0.0018340 
250  0.0090018 -2.0417 0.98951 -0.00070607 0.0018365 
251  0.010002 -1.9955 0.98885 0.0010799 0.0018395 
252  0.010002 -1.9955 0.98885 0.0013177 0.0018353 
253  0.013603 -1.8604 0.98501 0.0056550 0.0018673 
254  0.010802 -1.9618 0.98820 -0.00028779 0.0018339 
255  0.0082016 -2.0825 0.98989 -0.00090420 0.0018285 
256  0.010202 -1.9869 0.98869 -0.0010073 0.0018329 
257  0.010002 -1.9955 0.98885 0.00012214 0.0018374 
258  0.010002 -1.9955 0.98885 -3.0802e-05 0.0018363 
259  0.0090018 -2.0417 0.98951 0.0013489 0.0018373 
260  0.011002 -1.9537 0.98799 -0.00063385 0.0018370 
261  0.0094019 -2.0227 0.98923 -0.0012125 0.0018333 
262  0.0088018 -2.0516 0.98961 0.0018075 0.0018432 
263  0.0088018 -2.0516 0.98961 9.4176e-05 0.0018346 
264  0.010002 -1.9955 0.98885 -0.0023225 0.0018317 
265  0.0096019 -2.0135 0.98910 -0.00073985 0.0018313 
266  0.010602 -1.9700 0.98840 0.0033821 0.0018545 
267  0.010002 -1.9955 0.98885 0.00010345 0.0018351 
268  0.0096019 -2.0135 0.98910 -0.0028884 0.0018272 
269  0.0098020 -2.0044 0.98898 0.0010309 0.0018385 
270  0.0072014 -2.1394 0.99010 -0.00063885 0.0018300 
271  0.0090018 -2.0417 0.98951 -0.0018154 0.0018292 
272  0.0094019 -2.0227 0.98923 -0.00073597 0.0018329 
273  0.010002 -1.9955 0.98885 -0.0012385 0.0018309 
274  0.0098020 -2.0044 0.98898 -0.00050229 0.0018347 
275  0.011202 -1.9458 0.98781 -0.00034869 0.0018318 
276  0.0086017 -2.0617 0.98969 -0.0015007 0.0018350 
277  0.0094019 -2.0227 0.98923 0.0019406 0.0018456 
278  0.0094019 -2.0227 0.98923 -0.0029139 0.0018281 
279  0.0084017 -2.0720 0.98978 0.0010680 0.0018354 
280  0.0088018 -2.0516 0.98961 -0.0011198 0.0018291 
281  0.010402 -1.9783 0.98856 0.00089943 0.0018418 
282  0.010402 -1.9783 0.98856 -0.0027058 0.0018311 
283  0.0080016 -2.0933 0.98994 -0.00098505 0.0018304 
284  0.010602 -1.9700 0.98840 -0.0011457 0.0018344 
285  0.0090018 -2.0417 0.98951 -0.0025632 0.0018314 
286  0.011802 -1.9229 0.98726 0.0011973 0.0018463 
287  0.0086017 -2.0617 0.98969 -0.00038534 0.0018330 
288  0.0088018 -2.0516 0.98961 -0.0024696 0.0018283 
289  0.0090018 -2.0417 0.98951 -0.0014130 0.0018315 
290  0.0082016 -2.0825 0.98989 0.00056935 0.0018324 
291  0.010002 -1.9955 0.98885 -0.0014902 0.0018285 
292  0.0080016 -2.0933 0.98994 0.0014764 0.0018438 
293  0.012202 -1.9082 0.98683 -0.0012637 0.0018360 
294  0.010602 -1.9700 0.98840 0.0013348 0.0018438 
295  0.0098020 -2.0044 0.98898 0.0021408 0.0018472 
296  0.010402 -1.9783 0.98856 -0.00090161 0.0018333 
297  0.0088018 -2.0516 0.98961 0.00016086 0.0018357 
298  0.0092018 -2.0321 0.98936 -0.00094827 0.0018366 
299  0.012603 -1.8940 0.98638 0.00072798 0.0018432 
300  0.011602 -1.9304 0.98748 0.0010265 0.0018432 
301  0.0090018 -2.0417 0.98951 -0.0023954 0.0018312 
302  0.010602 -1.9700 0.98840 -0.0012217 0.0018325 
303  0.0078016 -2.1044 0.99001 -0.00051581 0.0018351 
304  0.0084017 -2.0720 0.98978 -0.00026530 0.0018319 
305  0.0086017 -2.0617 0.98969 -0.0013935 0.0018310 
306  0.0084017 -2.0720 0.98978 0.0013630 0.0018389 
307  0.0090018 -2.0417 0.98951 -0.0016435 0.0018283 
308  0.011602 -1.9304 0.98748 -0.0010939 0.0018440 
309  0.0098020 -2.0044 0.98898 0.00022270 0.0018389 
310  0.010002 -1.9955 0.98885 -0.0017298 0.0018297 
311  0.0084017 -2.0720 0.98978 -0.00061302 0.0018390 
312  0.0088018 -2.0516 0.98961 0.00050381 0.0018401 
313  0.0086017 -2.0617 0.98969 -0.0018901 0.0018276 
314  0.012803 -1.8871 0.98624 0.0010944 0.0018454 
315  0.0072014 -2.1394 0.99010 -0.0013090 0.0018322 
316  0.0080016 -2.0933 0.98994 -0.0032399 0.0018247 
317  0.011602 -1.9304 0.98748 0.0023776 0.0018422 
318  0.0074015 -2.1275 0.99008 -0.00046475 0.0018303 
319  0.0088018 -2.0516 0.98961 -0.0023446 0.0018265 
320  0.0092018 -2.0321 0.98936 -0.0010532 0.0018340 
321  0.012402 -1.9011 0.98667 0.0041567 0.0018500 
322  0.0092018 -2.0321 0.98936 -0.0022476 0.0018255 
323  0.0082016 -2.0825 0.98989 -0.0031083 0.0018261 
324  0.010402 -1.9783 0.98856 -0.00057461 0.0018336 
325  0.0070014 -2.1518 0.99014 -0.00088417 0.0018380 
326  0.010602 -1.9700 0.98840 -0.0011543 0.0018412 
327  0.011602 -1.9304 0.98748 0.00073489 0.0018352 
328  0.0082016 -2.0825 0.98989 -0.0031334 0.0018242 
329  0.0078016 -2.1044 0.99001 -0.0021965 0.0018299 
330  0.0082016 -2.0825 0.98989 -0.00069448 0.0018307 
331  0.010602 -1.9700 0.98840 -5.8835e-06 0.0018376 
332  0.0094019 -2.0227 0.98923 -1.5096e-05 0.0018343 
333  0.0082016 -2.0825 0.98989 0.00071732 0.0018345 
334  0.012202 -1.9082 0.98683 0.00086947 0.0018428 
335  0.0098020 -2.0044 0.98898 -0.0013460 0.0018321 
336  0.0080016 -2.0933 0.98994 -0.00075621 0.0018290 
337  0.0082016 -2.0825 0.98989 -0.00083963 0.0018288 
338  0.010002 -1.9955 0.98885 -8.8122e-05 0.0018315 
339  0.013003 -1.8803 0.98595 -0.00093409 0.0018343 
340  0.010802 -1.9618 0.98820 -0.00096990 0.0018336 
341  0.0092018 -2.0321 0.98936 0.00092681 0.0018359 
342  0.010802 -1.9618 0.98820 0.0031403 0.0018459 
343  0.012402 -1.9011 0.98667 0.0036842 0.0018436 
344  0.0094019 -2.0227 0.98923 -0.00039153 0.0018359 
345  0.0088018 -2.0516 0.98961 0.00044162 0.0018384 
346  0.0076015 -2.1158 0.99003 -0.0024254 0.0018266 
347  0.010802 -1.9618 0.98820 0.0017085 0.0018495 
348  0.010002 -1.9955 0.98885 -0.0021365 0.0018370 
349  0.0080016 -2.0933 0.98994 -0.00079887 0.0018311 
350  0.0088018 -2.0516 0.98961 -0.0011605 0.0018340 
351  0.0090018 -2.0417 0.98951 -0.0020189 0.0018318 
352  0.0098020 -2.0044 0.98898 0.00081197 0.0018361 
353  0.0090018 -2.0417 0.98951 0.0016338 0.0018376 
354  0.0098020 -2.0044 0.98898 0.00056494 0.0018405 
355  0.0078016 -2.1044 0.99001 -1.4392e-05 0.0018370 
356  0.0088018 -2.0516 0.98961 -0.00052843 0.0018293 
357  0.0076015 -2.1158 0.99003 0.0011703 0.0018404 
358  0.010202 -1.9869 0.98869 -0.0013614 0.0018317 
359  0.010802 -1.9618 0.98820 0.00058804 0.0018388 
360  0.0096019 -2.0135 0.98910 0.0010660 0.0018379 
361  0.012803 -1.8871 0.98624 0.0039406 0.0018489 
362  0.0092018 -2.0321 0.98936 -1.8390e-05 0.0018344 
363  0.011602 -1.9304 0.98748 0.00015207 0.0018423 
364  0.010002 -1.9955 0.98885 -0.0019996 0.0018299 
365  0.011002 -1.9537 0.98799 0.00038921 0.0018371 
366  0.0074015 -2.1275 0.99008 0.0029014 0.0018429 
367  0.010002 -1.9955 0.98885 0.0018497 0.0018435 
368  0.0090018 -2.0417 0.98951 -0.00010108 0.0018299 
369  0.0092018 -2.0321 0.98936 0.00031624 0.0018368 
370  0.010202 -1.9869 0.98869 -0.0024848 0.0018301 
371  0.011002 -1.9537 0.98799 0.0014511 0.0018543 
372  0.0092018 -2.0321 0.98936 0.0029130 0.0018437 
373  0.010002 -1.9955 0.98885 -0.00097201 0.0018300 
374  0.010002 -1.9955 0.98885 -0.00081476 0.0018319 
375  0.012002 -1.9155 0.98706 -0.0031125 0.0018308 
376  0.0094019 -2.0227 0.98923 -0.0022782 0.0018285 
377  0.0098020 -2.0044 0.98898 0.0019893 0.0018451 
378  0.011802 -1.9229 0.98726 -0.0022983 0.0018307 
379  0.0092018 -2.0321 0.98936 -0.0015745 0.0018298 
380  0.0092018 -2.0321 0.98936 1.4859e-05 0.0018354 
381  0.010802 -1.9618 0.98820 0.00054926 0.0018364 
382  0.011402 -1.9380 0.98761 -0.0034715 0.0018289 
383  0.0096019 -2.0135 0.98910 -0.00034292 0.0018353 
384  0.010602 -1.9700 0.98840 0.00081358 0.0018362 
385  0.011402 -1.9380 0.98761 -0.00073114 0.0018376 
386  0.011402 -1.9380 0.98761 -0.0016853 0.0018307 
387  0.010802 -1.9618 0.98820 0.0026250 0.0018432 
388  0.010402 -1.9783 0.98856 0.0017484 0.0018415 
389  0.010602 -1.9700 0.98840 -0.0018643 0.0018306 
390  0.010802 -1.9618 0.98820 -0.0021841 0.0018308 
391  0.0074015 -2.1275 0.99008 -0.0013939 0.0018312 
392  0.011202 -1.9458 0.98781 0.0018802 0.0018456 
393  0.0066013 -2.1775 0.99018 -0.00083747 0.0018316 
394  0.0068014 -2.1644 0.99017 0.00019233 0.0018317 
395  0.0096019 -2.0135 0.98910 -0.0044076 0.0018252 
396  0.0090018 -2.0417 0.98951 -0.0013194 0.0018290 
397  0.0068014 -2.1644 0.99017 0.00094872 0.0018373 
398  0.0096019 -2.0135 0.98910 -0.0025173 0.0018273 
399  0.010402 -1.9783 0.98856 0.00093810 0.0018361 
400  0.0090018 -2.0417 0.98951 0.0014376 0.0018343 
401  0.0098020 -2.0044 0.98898 -0.00026146 0.0018415 
402  0.011802 -1.9229 0.98726 0.00033473 0.0018409 
403  0.0084017 -2.0720 0.98978 0.00076585 0.0018342 
404  0.0088018 -2.0516 0.98961 0.0022930 0.0018460 
405  0.013603 -1.8604 0.98501 0.00043491 0.0018418 
406  0.0096019 -2.0135 0.98910 0.00029012 0.0018429 
407  0.0088018 -2.0516 0.98961 -0.0018020 0.0018278 
408  0.0088018 -2.0516 0.98961 0.0015482 0.0018440 
409  0.0098020 -2.0044 0.98898 0.00038283 0.0018378 
410  0.0080016 -2.0933 0.98994 0.0010934 0.0018377 
411  0.011602 -1.9304 0.98748 -0.0019209 0.0018336 
412  0.0094019 -2.0227 0.98923 0.00042915 0.0018357 
413  0.0086017 -2.0617 0.98969 0.0014447 0.0018379 
414  0.0094019 -2.0227 0.98923 -0.0027345 0.0018437 
415  0.010802 -1.9618 0.98820 0.00019475 0.0018413 
416  0.011202 -1.9458 0.98781 -0.0025231 0.0018326 
417  0.0096019 -2.0135 0.98910 -0.00018234 0.0018365 
418  0.010402 -1.9783 0.98856 -0.0015496 0.0018319 
419  0.010802 -1.9618 0.98820 -0.00096416 0.0018350 
420  0.014203 -1.8414 0.98375 -0.00011207 0.0018435 
421  0.0098020 -2.0044 0.98898 -0.0016119 0.0018306 
422  0.0086017 -2.0617 0.98969 -4.9541e-05 0.0018308 
423  0.0076015 -2.1158 0.99003 0.00043167 0.0018309 
424  0.012402 -1.9011 0.98667 0.00010164 0.0018370 
425  0.012402 -1.9011 0.98667 0.0045737 0.0018627 
426  0.0078016 -2.1044 0.99001 0.00044979 0.0018341 
427  0.0096019 -2.0135 0.98910 -0.0028307 0.0018291 
428  0.0082016 -2.0825 0.98989 0.0013787 0.0018401 
429  0.010402 -1.9783 0.98856 -0.0013088 0.0018386 
430  0.012202 -1.9082 0.98683 -0.00099619 0.0018372 
431  0.010802 -1.9618 0.98820 -0.0030122 0.0018301 
432  0.013803 -1.8540 0.98455 0.0046905 0.0018572 
433  0.012002 -1.9155 0.98706 0.0033122 0.0018526 
434  0.010602 -1.9700 0.98840 -0.0019564 0.0018326 
435  0.0098020 -2.0044 0.98898 0.0019584 0.0018429 
436  0.0092018 -2.0321 0.98936 -0.00083361 0.0018339 
437  0.010002 -1.9955 0.98885 0.0013852 0.0018439 
438  0.011802 -1.9229 0.98726 -0.00039021 0.0018406 
439  0.012402 -1.9011 0.98667 -0.0017035 0.0018394 
440  0.010002 -1.9955 0.98885 0.0059404 0.0018789 
441  0.0082016 -2.0825 0.98989 -0.00095562 0.0018287 
442  0.0084017 -2.0720 0.98978 -0.00026274 0.0018332 
443  0.010002 -1.9955 0.98885 -0.0012974 0.0018388 
444  0.0092018 -2.0321 0.98936 -0.00076070 0.0018321 
445  0.011802 -1.9229 0.98726 -0.00061830 0.0018404 
446  0.010202 -1.9869 0.98869 0.0010028 0.0018491 
447  0.0098020 -2.0044 0.98898 0.00010276 0.0018372 
448  0.011202 -1.9458 0.98781 0.0044204 0.0018574 
449  0.0082016 -2.0825 0.98989 -0.00026419 0.0018303 
450  0.0092018 -2.0321 0.98936 0.0023507 0.0018531 
451  0.011602 -1.9304 0.98748 0.0031263 0.0018491 
452  0.012803 -1.8871 0.98624 -0.0014442 0.0018296 
453  0.0086017 -2.0617 0.98969 -0.0030603 0.0018267 
454  0.0092018 -2.0321 0.98936 -0.0010183 0.0018300 
455  0.010602 -1.9700 0.98840 0.0017347 0.0018455 
456  0.0098020 -2.0044 0.98898 -0.0013935 0.0018317 
457  0.010202 -1.9869 0.98869 -0.0013582 0.0018331 
458  0.0086017 -2.0617 0.98969 -0.0014221 0.0018292 
459  0.0098020 -2.0044 0.98898 -0.00026524 0.0018315 
460  0.0098020 -2.0044 0.98898 -0.00022168 0.0018321 
461  0.0084017 -2.0720 0.98978 -0.0018733 0.0018283 
462  0.011002 -1.9537 0.98799 -0.0039437 0.0018290 
463  0.0096019 -2.0135 0.98910 -0.0039801 0.0018248 
464  0.010202 -1.9869 0.98869 0.0017955 0.0018394 
465  0.0080016 -2.0933 0.98994 -0.00012641 0.0018291 
466  0.0096019 -2.0135 0.98910 -0.0012707 0.0018339 
467  0.0088018 -2.0516 0.98961 -0.00015152 0.0018335 
468  0.0072014 -2.1394 0.99010 -0.0021660 0.0018282 
469  0.010602 -1.9700 0.98840 -0.0025911 0.0018320 
470  0.0090018 -2.0417 0.98951 0.0014062 0.0018368 
471  0.010202 -1.9869 0.98869 -0.0018364 0.0018355 
472  0.013803 -1.8540 0.98455 0.0016826 0.0018405 
473  0.0068014 -2.1644 0.99017 -0.0015993 0.0018285 
474  0.0076015 -2.1158 0.99003 -0.00034725 0.0018303 
475  0.0080016 -2.0933 0.98994 0.00056390 0.0018418 
476  0.0080016 -2.0933 0.98994 9.3932e-05 0.0018346 
477  0.0092018 -2.0321 0.98936 0.00012825 0.0018331 
478  0.0088018 -2.0516 0.98961 -0.00053090 0.0018340 
479  0.0086017 -2.0617 0.98969 0.00011489 0.0018390 
480  0.011802 -1.9229 0.98726 -0.00050645 0.0018358 
481  0.0072014 -2.1394 0.99010 -0.0035462 0.0018244 
482  0.0084017 -2.0720 0.98978 -0.00099346 0.0018339 
483  0.013003 -1.8803 0.98595 0.00040965 0.0018462 
484  0.011602 -1.9304 0.98748 0.0016658 0.0018460 
485  0.010402 -1.9783 0.98856 0.0023184 0.0018395 
486  0.010402 -1.9783 0.98856 -0.0029770 0.0018261 
487  0.010202 -1.9869 0.98869 -0.0014556 0.0018314 
488  0.010402 -1.9783 0.98856 -6.7161e-05 0.0018335 
489  0.011202 -1.9458 0.98781 -0.0012657 0.0018341 
490  0.0082016 -2.0825 0.98989 -0.0012155 0.0018292 
491  0.0080016 -2.0933 0.98994 -0.0012447 0.0018310 
492  0.0094019 -2.0227 0.98923 -0.00076224 0.0018319 
493  0.0076015 -2.1158 0.99003 0.00055027 0.0018310 
494  0.010402 -1.9783 0.98856 0.0048768 0.0018490 
495  0.0094019 -2.0227 0.98923 -0.0010482 0.0018309 
496  0.0082016 -2.0825 0.98989 -0.0024836 0.0018284 
497  0.0086017 -2.0617 0.98969 -0.0020043 0.0018272 
498  0.0088018 -2.0516 0.98961 0.0030244 0.0018446 
499  0.0082016 -2.0825 0.98989 -0.00095365 0.0018296 
500  0.010202 -1.9869 0.98869 -0.00035796 0.0018332 
501  0.010402 -1.9783 0.98856 -0.0028987 0.0018293 
502  0.012603 -1.8940 0.98638 -0.00049425 0.0018433 
503  0.0088018 -2.0516 0.98961 -0.0022095 0.0018299 
504  0.010802 -1.9618 0.98820 0.0058600 0.0018770 
505  0.0088018 -2.0516 0.98961 -0.00066252 0.0018322 
506  0.0080016 -2.0933 0.98994 -0.0025651 0.0018263 
507  0.010802 -1.9618 0.98820 -0.0042569 0.0018277 
508  0.010402 -1.9783 0.98856 -0.00020080 0.0018341 
509  0.010602 -1.9700 0.98840 0.0041487 0.0018519 
510  0.012002 -1.9155 0.98706 0.0010837 0.0018399 
511  0.0090018 -2.0417 0.98951 -0.00064108 0.0018369 
512  0.0084017 -2.0720 0.98978 -0.00027525 0.0018313 
513  0.011402 -1.9380 0.98761 -0.00056815 0.0018348 
514  0.0082016 -2.0825 0.98989 0.0025680 0.0018392 
515  0.010402 -1.9783 0.98856 0.0023696 0.0018454 
516  0.010602 -1.9700 0.98840 -0.0025064 0.0018302 
517  0.0096019 -2.0135 0.98910 -0.0018679 0.0018324 
518  0.0084017 -2.0720 0.98978 -0.0013104 0.0018296 
519  0.0090018 -2.0417 0.98951 -0.0022394 0.0018275 
520  0.0086017 -2.0617 0.98969 -0.00017419 0.0018306 
521  0.010802 -1.9618 0.98820 -0.0020063 0.0018308 
522  0.0088018 -2.0516 0.98961 -0.0027372 0.0018273 
523  0.0090018 -2.0417 0.98951 0.00050066 0.0018379 
524  0.011202 -1.9458 0.98781 -0.00081204 0.0018348 
525  0.0092018 -2.0321 0.98936 0.00022153 0.0018338 
526  0.0086017 -2.0617 0.98969 0.0032878 0.0018499 
527  0.010602 -1.9700 0.98840 -0.0024027 0.0018304 
528  0.012402 -1.9011 0.98667 0.0043993 0.0018562 
529  0.011002 -1.9537 0.98799 -0.0030130 0.0018284 
530  0.010202 -1.9869 0.98869 -0.00030771 0.0018336 
531  0.0088018 -2.0516 0.98961 0.00031894 0.0018333 
532  0.010602 -1.9700 0.98840 -0.0013347 0.0018295 
533  0.0098020 -2.0044 0.98898 -0.0027525 0.0018259 
534  0.0090018 -2.0417 0.98951 -0.0024837 0.0018286 
535  0.0078016 -2.1044 0.99001 0.0012570 0.0018412 
536  0.0098020 -2.0044 0.98898 -0.0011749 0.0018375 
537  0.011602 -1.9304 0.98748 -0.0013288 0.0018327 
538  0.0090018 -2.0417 0.98951 0.0011408 0.0018330 
539  0.010602 -1.9700 0.98840 -0.0011476 0.0018350 
540  0.010602 -1.9700 0.98840 0.00089122 0.0018413 
541  0.0088018 -2.0516 0.98961 -1.4570e-05 0.0018356 
542  0.010002 -1.9955 0.98885 -0.0012782 0.0018292 
543  0.0074015 -2.1275 0.99008 0.00045316 0.0018330 
544  0.0070014 -2.1518 0.99014 -0.0011014 0.0018313 
545  0.010202 -1.9869 0.98869 -0.0018701 0.0018311 
546  0.0098020 -2.0044 0.98898 -0.0027052 0.0018303 
547  0.012202 -1.9082 0.98683 0.00056094 0.0018424 
548  0.010002 -1.9955 0.98885 -0.0012443 0.0018305 
549  0.0092018 -2.0321 0.98936 -0.00050253 0.0018346 
550  0.0092018 -2.0321 0.98936 0.00050637 0.0018422 
551  0.0098020 -2.0044 0.98898 -0.0020664 0.0018302 
552  0.0084017 -2.0720 0.98978 -0.0012448 0.0018332 
553  0.0096019 -2.0135 0.98910 -0.00027423 0.0018331 
554  0.0078016 -2.1044 0.99001 0.0023726 0.0018453 
555  0.0094019 -2.0227 0.98923 -0.0022368 0.0018287 
556  0.010802 -1.9618 0.98820 -0.0014806 0.0018289 
557  0.010402 -1.9783 0.98856 -0.0013332 0.0018314 
558  0.0062012 -2.2048 0.99021 0.0016092 0.0018428 
559  0.0082016 -2.0825 0.98989 -4.4404e-05 0.0018321 
560  0.0082016 -2.0825 0.98989 -0.0017656 0.0018326 
561  0.0096019 -2.0135 0.98910 -0.0020284 0.0018307 
562  0.011402 -1.9380 0.98761 -0.00085823 0.0018329 
563  0.012002 -1.9155 0.98706 0.00039565 0.0018386 
564  0.010602 -1.9700 0.98840 -0.0011799 0.0018319 
565  0.0094019 -2.0227 0.98923 0.00076868 0.0018332 
566  0.010802 -1.9618 0.98820 0.0014698 0.0018452 
567  0.010602 -1.9700 0.98840 0.00073540 0.0018386 
568  0.011202 -1.9458 0.98781 -0.0015427 0.0018306 
569  0.0096019 -2.0135 0.98910 -0.0014252 0.0018362 
570  0.0094019 -2.0227 0.98923 0.0044947 0.0018537 
571  0.011402 -1.9380 0.98761 0.0014070 0.0018416 
572  0.011802 -1.9229 0.98726 -0.0012616 0.0018370 
573  0.0094019 -2.0227 0.98923 -0.0021962 0.0018306 
574  0.010002 -1.9955 0.98885 -0.0012681 0.0018340 
575  0.010202 -1.9869 0.98869 0.00064551 0.0018458 
576  0.010002 -1.9955 0.98885 -0.0018921 0.0018292 
577  0.010402 -1.9783 0.98856 0.00030467 0.0018352 
578  0.0078016 -2.1044 0.99001 -0.0010586 0.0018309 
579  0.0090018 -2.0417 0.98951 -0.00098019 0.0018310 
580  0.010002 -1.9955 0.98885 -0.0040253 0.0018248 
581  0.0092018 -2.0321 0.98936 0.0015178 0.0018374 
582  0.011002 -1.9537 0.98799 -0.0021878 0.0018313 
583  0.0094019 -2.0227 0.98923 -0.0026973 0.0018285 
584  0.010002 -1.9955 0.98885 -3.2402e-05 0.0018405 
585  0.0090018 -2.0417 0.98951 -0.0010936 0.0018338 
586  0.010802 -1.9618 0.98820 0.0028705 0.0018447 
587  0.0098020 -2.0044 0.98898 -0.0023261 0.0018316 
588  0.0094019 -2.0227 0.98923 -5.8225e-05 0.0018417 
589  0.0074015 -2.1275 0.99008 0.0011920 0.0018432 
590  0.0080016 -2.0933 0.98994 -0.0029153 0.0018255 
591  0.010802 -1.9618 0.98820 0.0030439 0.0018461 
592  0.011202 -1.9458 0.98781 -0.0027674 0.0018317 
593  0.0096019 -2.0135 0.98910 0.00078678 0.0018395 
594  0.0092018 -2.0321 0.98936 -0.0017890 0.0018303 
595  0.011402 -1.9380 0.98761 0.00065339 0.0018391 
596  0.010602 -1.9700 0.98840 0.00034794 0.0018425 
597  0.010002 -1.9955 0.98885 0.0023019 0.0018389 
598  0.0098020 -2.0044 0.98898 -0.00049481 0.0018303 
599  0.014403 -1.8353 0.98306 0.0085315 0.0018817 
600  0.014003 -1.8477 0.98400 -0.0021889 0.0018413 
601  0.010202 -1.9869 0.98869 -0.00069228 0.0018360 
602  0.011202 -1.9458 0.98781 -0.00036505 0.0018356 
603  0.0082016 -2.0825 0.98989 -0.0022212 0.0018285 
604  0.011802 -1.9229 0.98726 0.0043536 0.0018557 
605  0.0090018 -2.0417 0.98951 0.0022921 0.0018463 
606  0.0092018 -2.0321 0.98936 -0.0019306 0.0018320 
607  0.010002 -1.9955 0.98885 -9.1436e-05 0.0018386 
608  0.0084017 -2.0720 0.98978 -0.0020250 0.0018271 
609  0.0074015 -2.1275 0.99008 -0.0011672 0.0018316 
610  0.012603 -1.8940 0.98638 0.00065088 0.0018376 
611  0.010002 -1.9955 0.98885 0.0030857 0.0018535 
612  0.0092018 -2.0321 0.98936 -0.00092072 0.0018327 
613  0.011402 -1.9380 0.98761 0.00021468 0.0018415 
614  0.011002 -1.9537 0.98799 -0.0023381 0.0018296 
615  0.011202 -1.9458 0.98781 -0.0026948 0.0018351 
616  0.0096019 -2.0135 0.98910 -0.00098637 0.0018325 
617  0.0080016 -2.0933 0.98994 0.0015364 0.0018406 
618  0.010402 -1.9783 0.98856 -0.0016637 0.0018310 
619  0.010802 -1.9618 0.98820 0.0034646 0.0018560 
620  0.0096019 -2.0135 0.98910 -0.0018274 0.0018317 
621  0.0086017 -2.0617 0.98969 -0.0032629 0.0018244 
622  0.0092018 -2.0321 0.98936 -0.00049005 0.0018341 
623  0.0098020 -2.0044 0.98898 0.00059896 0.0018355 
624  0.010002 -1.9955 0.98885 -0.0011187 0.0018341 
625  0.0090018 -2.0417 0.98951 -0.0036419 0.0018261 
626  0.0094019 -2.0227 0.98923 0.00054775 0.0018387 
627  0.011202 -1.9458 0.98781 -0.0036030 0.0018323 
628  0.0086017 -2.0617 0.98969 -0.0010744 0.0018301 
629  0.011202 -1.9458 0.98781 -0.0010802 0.0018311 
630  0.0094019 -2.0227 0.98923 0.0054867 0.0018534 
631  0.010402 -1.9783 0.98856 -0.0039646 0.0018265 
632  0.010602 -1.9700 0.98840 -0.00017886 0.0018343 
633  0.0086017 -2.0617 0.98969 -0.0019407 0.0018265 
634  0.0090018 -2.0417 0.98951 0.00053020 0.0018402 
635  0.010202 -1.9869 0.98869 -0.00065841 0.0018308 
636  0.0092018 -2.0321 0.98936 1.6452e-06 0.0018362 
637  0.012402 -1.9011 0.98667 0.00043386 0.0018380 
638  0.0068014 -2.1644 0.99017 0.0018730 0.0018414 
639  0.010402 -1.9783 0.98856 0.0043783 0.0018469 
640  0.0086017 -2.0617 0.98969 0.0017518 0.0018437 
641  0.010602 -1.9700 0.98840 0.00086289 0.0018386 
642  0.011602 -1.9304 0.98748 0.0010370 0.0018392 
643  0.0092018 -2.0321 0.98936 0.00012296 0.0018372 
644  0.011202 -1.9458 0.98781 0.00033315 0.0018378 
645  0.010202 -1.9869 0.98869 0.00016614 0.0018342 
646  0.010002 -1.9955 0.98885 -0.00059207 0.0018361 
647  0.0094019 -2.0227 0.98923 0.00050295 0.0018400 
648  0.010202 -1.9869 0.98869 -0.00047763 0.0018367 
649  0.010802 -1.9618 0.98820 -0.00089679 0.0018332 
650  0.0090018 -2.0417 0.98951 -0.00027321 0.0018410 
651  0.011202 -1.9458 0.98781 -0.00015388 0.0018389 
652  0.0098020 -2.0044 0.98898 0.00056550 0.0018327 
653  0.012202 -1.9082 0.98683 0.0022181 0.0018458 
654  0.0098020 -2.0044 0.98898 0.0017109 0.0018411 
655  0.010002 -1.9955 0.98885 -0.0012362 0.0018306 
656  0.010602 -1.9700 0.98840 0.00054363 0.0018362 
657  0.0090018 -2.0417 0.98951 0.00074930 0.0018356 
658  0.0092018 -2.0321 0.98936 -0.0016210 0.0018286 
659  0.010402 -1.9783 0.98856 -0.0010678 0.0018320 
660  0.0070014 -2.1518 0.99014 -0.00075850 0.0018282 
661  0.0090018 -2.0417 0.98951 -0.0037872 0.0018246 
662  0.010802 -1.9618 0.98820 0.0038538 0.0018460 
663  0.011802 -1.9229 0.98726 -3.3488e-05 0.0018394 
664  0.011002 -1.9537 0.98799 0.0015073 0.0018422 
665  0.0078016 -2.1044 0.99001 -0.0022389 0.0018290 
666  0.010202 -1.9869 0.98869 -0.0013989 0.0018313 
667  0.012202 -1.9082 0.98683 -0.0027692 0.0018352 
668  0.0084017 -2.0720 0.98978 -0.0040589 0.0018245 
669  0.010802 -1.9618 0.98820 -0.00067645 0.0018365 
670  0.012002 -1.9155 0.98706 0.00051951 0.0018336 
671  0.0084017 -2.0720 0.98978 -0.0011419 0.0018290 
672  0.0086017 -2.0617 0.98969 -0.0021282 0.0018303 
673  0.0068014 -2.1644 0.99017 -0.0027541 0.0018237 
674  0.010602 -1.9700 0.98840 -0.0015964 0.0018296 
675  0.010802 -1.9618 0.98820 0.0021449 0.0018455 
676  0.010802 -1.9618 0.98820 0.00054836 0.0018356 
677  0.0090018 -2.0417 0.98951 -0.00034817 0.0018344 
678  0.011602 -1.9304 0.98748 -0.00021987 0.0018366 
679  0.0090018 -2.0417 0.98951 -0.00012382 0.0018375 
680  0.010202 -1.9869 0.98869 -0.00041650 0.0018332 
681  0.010002 -1.9955 0.98885 0.00065576 0.0018404 
682  0.0096019 -2.0135 0.98910 3.0111e-05 0.0018343 
683  0.0088018 -2.0516 0.98961 -0.0012214 0.0018328 
684  0.0086017 -2.0617 0.98969 -0.0011662 0.0018334 
685  0.0084017 -2.0720 0.98978 0.0016983 0.0018436 
686  0.0070014 -2.1518 0.99014 -0.0010327 0.0018280 
687  0.010602 -1.9700 0.98840 0.00044859 0.0018371 
688  0.011402 -1.9380 0.98761 0.0018137 0.0018421 
689  0.010802 -1.9618 0.98820 0.0015423 0.0018418 
690  0.010402 -1.9783 0.98856 0.0011491 0.0018380 
691  0.0084017 -2.0720 0.98978 -0.0015829 0.0018297 
692  0.013203 -1.8736 0.98561 -0.0012329 0.0018320 
693  0.018404 -1.7270 0.97970 0.018608 0.0019404 
694  0.0064013 -2.1909 0.99019 -0.00069067 0.0018291 
695  0.011402 -1.9380 0.98761 -8.8821e-05 0.0018418 
696  0.0092018 -2.0321 0.98936 4.9123e-05 0.0018326 
697  0.014203 -1.8414 0.98375 0.00015837 0.0018411 
698  0.0096019 -2.0135 0.98910 -0.0012175 0.0018347 
699  0.0094019 -2.0227 0.98923 -0.00044028 0.0018354 
700  0.013003 -1.8803 0.98595 -0.00084011 0.0018345 
701  0.010202 -1.9869 0.98869 -0.00015413 0.0018341 
702  0.011202 -1.9458 0.98781 -2.4839e-05 0.0018407 
703  0.0098020 -2.0044 0.98898 0.0016153 0.0018450 
704  0.0088018 -2.0516 0.98961 -0.0033482 0.0018268 
705  0.012603 -1.8940 0.98638 -0.00067837 0.0018401 
706  0.0086017 -2.0617 0.98969 9.9686e-05 0.0018362 
707  0.011602 -1.9304 0.98748 -0.0028089 0.0018298 
708  0.0094019 -2.0227 0.98923 0.0010495 0.0018345 
709  0.0086017 -2.0617 0.98969 -0.00075652 0.0018321 
710  0.0078016 -2.1044 0.99001 -0.0020880 0.0018283 
711  0.011002 -1.9537 0.98799 0.0019150 0.0018451 
712  0.010402 -1.9783 0.98856 -0.0015396 0.0018392 
713  0.0096019 -2.0135 0.98910 -0.0016017 0.0018282 
714  0.0086017 -2.0617 0.98969 0.0018112 0.0018353 
715  0.011002 -1.9537 0.98799 -0.00081401 0.0018315 
716  0.0084017 -2.0720 0.98978 -0.0024855 0.0018260 
717  0.0082016 -2.0825 0.98989 -0.00036394 0.0018329 
718  0.0080016 -2.0933 0.98994 -0.0014564 0.0018300 
719  0.0082016 -2.0825 0.98989 -0.00096677 0.0018312 
720  0.010402 -1.9783 0.98856 -0.0018026 0.0018360 
721  0.0090018 -2.0417 0.98951 -0.00026178 0.0018384 
722  0.011802 -1.9229 0.98726 -0.00037128 0.0018356 
723  0.0090018 -2.0417 0.98951 -0.0026104 0.0018311 
724  0.0080016 -2.0933 0.98994 -8.2411e-05 0.0018336 
725  0.010402 -1.9783 0.98856 -0.00066203 0.0018367 
726  0.0082016 -2.0825 0.98989 -0.00087066 0.0018337 
727  0.0084017 -2.0720 0.98978 -0.0026687 0.0018271 
728  0.012002 -1.9155 0.98706 -0.0020646 0.0018330 
729  0.0080016 -2.0933 0.98994 -0.0021426 0.0018276 
730  0.011002 -1.9537 0.98799 0.0025384 0.0018480 
731  0.012002 -1.9155 0.98706 0.00059556 0.0018408 
732  0.010802 -1.9618 0.98820 0.0018560 0.0018418 
733  0.0088018 -2.0516 0.98961 0.00069507 0.0018367 
734  0.0078016 -2.1044 0.99001 -0.00053237 0.0018305 
735  0.0096019 -2.0135 0.98910 0.00092196 0.0018388 
736  0.0078016 -2.1044 0.99001 -0.0011668 0.0018286 
737  0.011202 -1.9458 0.98781 -7.8215e-05 0.0018373 
738  0.010202 -1.9869 0.98869 -0.0018900 0.0018310 
739  0.010402 -1.9783 0.98856 0.0016628 0.0018370 
740  0.010802 -1.9618 0.98820 0.0051849 0.0018735 
741  0.0088018 -2.0516 0.98961 0.0032824 0.0018430 
742  0.0092018 -2.0321 0.98936 0.0015607 0.0018434 
743  0.0088018 -2.0516 0.98961 -0.00063492 0.0018341 
744  0.0088018 -2.0516 0.98961 -0.0027123 0.0018275 
745  0.0082016 -2.0825 0.98989 0.0032089 0.0018700 
746  0.0088018 -2.0516 0.98961 2.6940e-06 0.0018334 
747  0.0092018 -2.0321 0.98936 -0.00052928 0.0018357 
748  0.0084017 -2.0720 0.98978 -0.00021088 0.0018335 
749  0.0078016 -2.1044 0.99001 -0.0017704 0.0018273 
750  0.010002 -1.9955 0.98885 0.0011352 0.0018361 
751  0.0096019 -2.0135 0.98910 0.00077060 0.0018414 
752  0.0084017 -2.0720 0.98978 -0.00085984 0.0018316 
753  0.0098020 -2.0044 0.98898 0.0014307 0.0018437 
754  0.010002 -1.9955 0.98885 -0.0021591 0.0018304 
755  0.012002 -1.9155 0.98706 -0.0018828 0.0018324 
756  0.0096019 -2.0135 0.98910 0.00019809 0.0018354 
757  0.011602 -1.9304 0.98748 0.00088845 0.0018492 
758  0.0080016 -2.0933 0.98994 -0.00012654 0.0018338 
759  0.011602 -1.9304 0.98748 -0.0010910 0.0018364 
760  0.010602 -1.9700 0.98840 -0.0035176 0.0018294 
761  0.010202 -1.9869 0.98869 0.0053312 0.0018678 
762  0.010002 -1.9955 0.98885 -0.0021787 0.0018356 
763  0.0090018 -2.0417 0.98951 0.00062356 0.0018350 
764  0.013403 -1.8669 0.98539 -0.0035116 0.0018267 
765  0.0090018 -2.0417 0.98951 -0.0013861 0.0018298 
766  0.0086017 -2.0617 0.98969 0.0010988 0.0018393 
767  0.0074015 -2.1275 0.99008 -0.00070017 0.0018299 
768  0.010202 -1.9869 0.98869 0.00053940 0.0018378 
769  0.0070014 -2.1518 0.99014 -0.00019073 0.0018281 
770  0.0092018 -2.0321 0.98936 0.00044536 0.0018397 
771  0.0088018 -2.0516 0.98961 -0.0023169 0.0018296 
772  0.0068014 -2.1644 0.99017 -0.00076126 0.0018303 
773  0.0094019 -2.0227 0.98923 -0.0010629 0.0018298 
774  0.0094019 -2.0227 0.98923 -0.0015327 0.0018307 
775  0.0088018 -2.0516 0.98961 -0.0017073 0.0018298 
776  0.012402 -1.9011 0.98667 0.0019697 0.0018521 
777  0.0090018 -2.0417 0.98951 -0.0022198 0.0018326 
778  0.0078016 -2.1044 0.99001 -0.0019840 0.0018297 
779  0.0082016 -2.0825 0.98989 -0.0012839 0.0018281 
780  0.011402 -1.9380 0.98761 -0.00083739 0.0018297 
781  0.010402 -1.9783 0.98856 -0.0010350 0.0018321 
782  0.010402 -1.9783 0.98856 0.0051229 0.0018540 
783  0.010202 -1.9869 0.98869 0.0013916 0.0018393 
784  0.013003 -1.8803 0.98595 0.00048557 0.0018391 
785  0.0092018 -2.0321 0.98936 -0.0029328 0.0018271 
786  0.012603 -1.8940 0.98638 -0.0017551 0.0018355 
787  0.010602 -1.9700 0.98840 -0.0017138 0.0018314 
788  0.010002 -1.9955 0.98885 -0.0010379 0.0018424 
789  0.011602 -1.9304 0.98748 -0.0016088 0.0018314 
790  0.0092018 -2.0321 0.98936 -0.00060150 0.0018330 
791  0.010402 -1.9783 0.98856 0.00056035 0.0018347 
792  0.0084017 -2.0720 0.98978 -0.0019939 0.0018326 
793  0.0070014 -2.1518 0.99014 -0.0014731 0.0018314 
794  0.0092018 -2.0321 0.98936 0.00044990 0.0018347 
795  0.011602 -1.9304 0.98748 -0.0010814 0.0018326 
796  0.010002 -1.9955 0.98885 0.00064836 0.0018450 
797  0.010202 -1.9869 0.98869 0.0011581 0.0018379 
798  0.0076015 -2.1158 0.99003 0.0011819 0.0018369 
799  0.0070014 -2.1518 0.99014 -0.0014113 0.0018277 
800  0.0074015 -2.1275 0.99008 -0.00021190 0.0018349 
801  0.013603 -1.8604 0.98501 0.0057897 0.0018637 
802  0.0096019 -2.0135 0.98910 -0.0022621 0.0018328 
803  0.0086017 -2.0617 0.98969 -0.00082740 0.0018334 
804  0.0096019 -2.0135 0.98910 -0.00042905 0.0018335 
805  0.010802 -1.9618 0.98820 -0.00088080 0.0018362 
806  0.0070014 -2.1518 0.99014 -0.00018017 0.0018299 
807  0.011402 -1.9380 0.98761 0.0015540 0.0018451 
808  0.0086017 -2.0617 0.98969 -0.0023081 0.0018278 
809  0.0078016 -2.1044 0.99001 0.00045412 0.0018371 
810  0.013403 -1.8669 0.98539 0.0025474 0.0018543 
811  0.0062012 -2.2048 0.99021 -0.00053542 0.0018320 
812  0.0084017 -2.0720 0.98978 -0.00093072 0.0018330 
813  0.0080016 -2.0933 0.98994 0.00048684 0.0018346 
814  0.0092018 -2.0321 0.98936 -0.0011305 0.0018386 
815  0.010002 -1.9955 0.98885 -0.00088134 0.0018404 
816  0.010202 -1.9869 0.98869 -0.0017340 0.0018321 
817  0.013003 -1.8803 0.98595 0.0026065 0.0018501 
818  0.0096019 -2.0135 0.98910 0.0023159 0.0018546 
819  0.0084017 -2.0720 0.98978 0.0019477 0.0018546 
820  0.0080016 -2.0933 0.98994 -0.0016060 0.0018335 
821  0.011602 -1.9304 0.98748 -0.0028312 0.0018294 
822  0.0082016 -2.0825 0.98989 -0.00093220 0.0018310 
823  0.011802 -1.9229 0.98726 -0.0023881 0.0018352 
824  0.0082016 -2.0825 0.98989 -0.0011719 0.0018316 
825  0.014403 -1.8353 0.98306 0.0039378 0.0018575 
826  0.011002 -1.9537 0.98799 0.00013961 0.0018349 
827  0.0090018 -2.0417 0.98951 0.00066979 0.0018415 
828  0.0076015 -2.1158 0.99003 -0.0011541 0.0018314 
829  0.011002 -1.9537 0.98799 0.0063523 0.0018580 
830  0.010402 -1.9783 0.98856 0.0011770 0.0018376 
831  0.0092018 -2.0321 0.98936 -0.0015857 0.0018369 
832  0.0082016 -2.0825 0.98989 -0.0016686 0.0018312 
833  0.0084017 -2.0720 0.98978 -0.0012349 0.0018407 
834  0.010202 -1.9869 0.98869 -0.00091976 0.0018321 
835  0.010602 -1.9700 0.98840 -0.0010035 0.0018404 
836  0.010402 -1.9783 0.98856 0.0010358 0.0018392 
837  0.010002 -1.9955 0.98885 0.00022023 0.0018395 
838  0.0086017 -2.0617 0.98969 -0.00088609 0.0018289 
839  0.010002 -1.9955 0.98885 -0.00093803 0.0018437 
840  0.0066013 -2.1775 0.99018 -0.00059742 0.0018316 
841  0.0098020 -2.0044 0.98898 -0.00055876 0.0018354 
842  0.011002 -1.9537 0.98799 0.0041059 0.0018634 
843  0.012803 -1.8871 0.98624 -0.00060702 0.0018360 
844  0.0086017 -2.0617 0.98969 0.00022195 0.0018325 
845  0.0074015 -2.1275 0.99008 -0.0025677 0.0018265 
846  0.0092018 -2.0321 0.98936 0.0016471 0.0018356 
847  0.0096019 -2.0135 0.98910 0.00030331 0.0018391 
848  0.010002 -1.9955 0.98885 -0.0023948 0.0018308 
849  0.0074015 -2.1275 0.99008 -0.0024001 0.0018294 
850  0.010602 -1.9700 0.98840 -0.00015464 0.0018332 
851  0.0062012 -2.2048 0.99021 -0.00024208 0.0018322 
852  0.011802 -1.9229 0.98726 0.0047502 0.0018503 
853  0.010402 -1.9783 0.98856 -0.0028650 0.0018277 
854  0.0098020 -2.0044 0.98898 -0.0017764 0.0018296 
855  0.010802 -1.9618 0.98820 -0.0018835 0.0018301 
856  0.0096019 -2.0135 0.98910 -0.0013746 0.0018302 
857  0.010002 -1.9955 0.98885 9.8996e-05 0.0018392 
858  0.012002 -1.9155 0.98706 -0.0011618 0.0018295 
859  0.010802 -1.9618 0.98820 -0.0030854 0.0018285 
860  0.012202 -1.9082 0.98683 -0.0021904 0.0018312 
861  0.0096019 -2.0135 0.98910 -0.0038368 0.0018285 
862  0.0088018 -2.0516 0.98961 -0.00055388 0.0018378 
863  0.0090018 -2.0417 0.98951 0.00025568 0.0018357 
864  0.012603 -1.8940 0.98638 0.0019426 0.0018472 
865  0.0092018 -2.0321 0.98936 -0.0019124 0.0018272 
866  0.0070014 -2.1518 0.99014 0.00048492 0.0018358 
867  0.010602 -1.9700 0.98840 -0.00071979 0.0018354 
868  0.0096019 -2.0135 0.98910 0.0018113 0.0018470 
869  0.010802 -1.9618 0.98820 0.0031681 0.0018497 
870  0.011802 -1.9229 0.98726 -0.0018761 0.0018423 
871  0.012402 -1.9011 0.98667 0.00021552 0.0018358 
872  0.0096019 -2.0135 0.98910 0.0015903 0.0018373 
873  0.011002 -1.9537 0.98799 -0.00043301 0.0018351 
874  0.011602 -1.9304 0.98748 -0.0024220 0.0018289 
875  0.0092018 -2.0321 0.98936 -0.00037890 0.0018333 
876  0.0094019 -2.0227 0.98923 -0.0014332 0.0018384 
877  0.0084017 -2.0720 0.98978 0.00069606 0.0018389 
878  0.0090018 -2.0417 0.98951 0.00070917 0.0018335 
879  0.0086017 -2.0617 0.98969 -0.0012591 0.0018332 
880  0.0092018 -2.0321 0.98936 -0.0019764 0.0018312 
881  0.0082016 -2.0825 0.98989 -0.00038729 0.0018355 
882  0.0084017 -2.0720 0.98978 0.00024593 0.0018372 
883  0.0090018 -2.0417 0.98951 0.00022135 0.0018392 
884  0.0094019 -2.0227 0.98923 0.0011153 0.0018403 
885  0.0088018 -2.0516 0.98961 0.00041584 0.0018392 
886  0.0082016 -2.0825 0.98989 -0.0020961 0.0018267 
887  0.010602 -1.9700 0.98840 0.00056854 0.0018369 
888  0.010002 -1.9955 0.98885 0.00033430 0.0018359 
889  0.0080016 -2.0933 0.98994 0.00046921 0.0018342 
890  0.010402 -1.9783 0.98856 -0.0024998 0.0018289 
891  0.0098020 -2.0044 0.98898 0.0014381 0.0018361 
892  0.010402 -1.9783 0.98856 0.0027529 0.0018523 
893  0.0096019 -2.0135 0.98910 2.0809e-05 0.0018355 
894  0.012402 -1.9011 0.98667 0.0030319 0.0018526 
895  0.011802 -1.9229 0.98726 -0.0012692 0.0018315 
896  0.010202 -1.9869 0.98869 -0.0038182 0.0018274 
897  0.013203 -1.8736 0.98561 0.0015271 0.0018526 
898  0.010602 -1.9700 0.98840 0.00086148 0.0018378 
899  0.011202 -1.9458 0.98781 -0.0048855 0.0018262 
900  0.0090018 -2.0417 0.98951 0.0011721 0.0018410 
901  0.010002 -1.9955 0.98885 0.0020114 0.0018407 
902  0.012402 -1.9011 0.98667 -0.00086550 0.0018370 
903  0.011202 -1.9458 0.98781 -0.0015330 0.0018337 
904  0.0092018 -2.0321 0.98936 -0.0017562 0.0018316 
905  0.011002 -1.9537 0.98799 -0.0020570 0.0018300 
906  0.017804 -1.7417 0.98053 0.015289 0.0019290 
907  0.011202 -1.9458 0.98781 -0.0011690 0.0018360 
908  0.011602 -1.9304 0.98748 0.0036081 0.0018611 
909  0.0078016 -2.1044 0.99001 0.00046100 0.0018359 
910  0.012402 -1.9011 0.98667 0.00078879 0.0018412 
911  0.0084017 -2.0720 0.98978 -9.1917e-05 0.0018358 
912  0.011202 -1.9458 0.98781 -0.0012281 0.0018469 
913  0.0090018 -2.0417 0.98951 0.00075077 0.0018345 
914  0.0090018 -2.0417 0.98951 -0.0032848 0.0018266 
915  0.0072014 -2.1394 0.99010 -0.00077196 0.0018300 
916  0.010002 -1.9955 0.98885 -0.0033662 0.0018285 
917  0.0066013 -2.1775 0.99018 0.0013328 0.0018383 
918  0.0092018 -2.0321 0.98936 -0.0019723 0.0018284 
919  0.0082016 -2.0825 0.98989 -0.0036950 0.0018258 
920  0.0078016 -2.1044 0.99001 0.00085632 0.0018360 
921  0.0096019 -2.0135 0.98910 -0.0022340 0.0018303 
922  0.0084017 -2.0720 0.98978 -0.0012403 0.0018323 
923  0.0074015 -2.1275 0.99008 -0.00028584 0.0018339 
924  0.010002 -1.9955 0.98885 0.0017889 0.0018393 
925  0.0094019 -2.0227 0.98923 -0.0023011 0.0018306 
926  0.010202 -1.9869 0.98869 -0.0030894 0.0018290 
927  0.010202 -1.9869 0.98869 -0.0011311 0.0018371 
928  0.0092018 -2.0321 0.98936 0.0012402 0.0018393 
929  0.010602 -1.9700 0.98840 0.0026494 0.0018497 
930  0.0074015 -2.1275 0.99008 -1.1640e-05 0.0018310 
931  0.0082016 -2.0825 0.98989 -0.0017963 0.0018280 
932  0.0082016 -2.0825 0.98989 -0.0043135 0.0018247 
933  0.0098020 -2.0044 0.98898 -0.00089726 0.0018332 
934  0.0094019 -2.0227 0.98923 0.00062439 0.0018407 
935  0.010802 -1.9618 0.98820 -0.0036875 0.0018279 
936  0.011602 -1.9304 0.98748 0.0022541 0.0018473 
937  0.0094019 -2.0227 0.98923 -0.0025448 0.0018286 
938  0.0088018 -2.0516 0.98961 0.0011601 0.0018355 
939  0.011602 -1.9304 0.98748 0.00038192 0.0018407 
940  0.010002 -1.9955 0.98885 0.0015825 0.0018464 
941  0.0074015 -2.1275 0.99008 -0.00042975 0.0018304 
942  0.012402 -1.9011 0.98667 0.0022678 0.0018507 
943  0.012002 -1.9155 0.98706 0.0072598 0.0018724 
944  0.011802 -1.9229 0.98726 0.0013639 0.0018520 
945  0.0086017 -2.0617 0.98969 -0.00047911 0.0018326 
946  0.0092018 -2.0321 0.98936 -0.00070731 0.0018326 
947  0.0078016 -2.1044 0.99001 -0.00054531 0.0018296 
948  0.0086017 -2.0617 0.98969 -0.0020242 0.0018304 
949  0.010202 -1.9869 0.98869 -0.0015476 0.0018322 
950  0.012202 -1.9082 0.98683 0.0047853 0.0018557 
951  0.0068014 -2.1644 0.99017 -0.0011820 0.0018293 
952  0.0084017 -2.0720 0.98978 0.0038622 0.0018515 
953  0.0094019 -2.0227 0.98923 0.00016246 0.0018372 
954  0.0090018 -2.0417 0.98951 0.0014020 0.0018375 
955  0.0082016 -2.0825 0.98989 0.0010870 0.0018358 
956  0.010402 -1.9783 0.98856 -0.00046666 0.0018323 
957  0.0084017 -2.0720 0.98978 -0.0010735 0.0018308 
958  0.011202 -1.9458 0.98781 0.0017060 0.0018405 
959  0.0088018 -2.0516 0.98961 -0.0012373 0.0018299 
960  0.0086017 -2.0617 0.98969 -0.0010859 0.0018377 
961  0.010202 -1.9869 0.98869 -0.0013570 0.0018312 
962  0.010202 -1.9869 0.98869 0.00045668 0.0018407 
963  0.010202 -1.9869 0.98869 -0.0029126 0.0018296 
964  0.0084017 -2.0720 0.98978 -0.0011282 0.0018297 
965  0.0096019 -2.0135 0.98910 0.0032589 0.0018477 
966  0.0086017 -2.0617 0.98969 -0.0018179 0.0018307 
967  0.011802 -1.9229 0.98726 0.0020493 0.0018512 
968  0.010802 -1.9618 0.98820 0.0013719 0.0018417 
969  0.0084017 -2.0720 0.98978 -0.0010051 0.0018330 
970  0.010602 -1.9700 0.98840 -0.00020071 0.0018382 
971  0.010002 -1.9955 0.98885 0.0017647 0.0018395 
972  0.011002 -1.9537 0.98799 0.0014127 0.0018404 
973  0.010002 -1.9955 0.98885 -1.9665e-05 0.0018366 
974  0.010402 -1.9783 0.98856 0.0056273 0.0018548 
975  0.0096019 -2.0135 0.98910 -0.0011453 0.0018335 
976  0.0068014 -2.1644 0.99017 0.0021786 0.0018412 
977  0.0090018 -2.0417 0.98951 0.00013055 0.0018359 
978  0.0080016 -2.0933 0.98994 -0.0025300 0.0018264 
979  0.012002 -1.9155 0.98706 -0.00071597 0.0018381 
980  0.0098020 -2.0044 0.98898 0.00010444 0.0018395 
981  0.0094019 -2.0227 0.98923 0.00040661 0.0018353 
982  0.010002 -1.9955 0.98885 3.8172e-05 0.0018351 
983  0.0090018 -2.0417 0.98951 -0.00027393 0.0018315 
984  0.0088018 -2.0516 0.98961 -0.00081002 0.0018335 
985  0.0084017 -2.0720 0.98978 -0.00092910 0.0018321 
986  0.0098020 -2.0044 0.98898 0.0017035 0.0018453 
987  0.0098020 -2.0044 0.98898 0.0022850 0.0018400 
988  0.0096019 -2.0135 0.98910 -0.00049299 0.0018304 
989  0.010802 -1.9618 0.98820 -0.0047799 0.0018230 
990  0.011202 -1.9458 0.98781 -0.00034873 0.0018311 
991  0.010402 -1.9783 0.98856 0.00097602 0.0018391 
992  0.010402 -1.9783 0.98856 0.0040138 0.0018546 
993  0.0070014 -2.1518 0.99014 -0.00052010 0.0018290 
994  0.0082016 -2.0825 0.98989 -0.0013088 0.0018309 
995  0.0086017 -2.0617 0.98969 -0.0014775 0.0018295 
996  0.0084017 -2.0720 0.98978 0.00014174 0.0018382 
997  0.013403 -1.8669 0.98539 -0.00031084 0.0018375 
998  0.0078016 -2.1044 0.99001 -0.0013744 0.0018274 
999  0.0084017 -2.0720 0.98978 -0.00019843 0.0018334 
1000  0.010002 -1.9955 0.98885 -0.0014872 0.0018322 
1001  0.0094019 -2.0227 0.98923 -0.0016970 0.0018296 
1002  0.010602 -1.9700 0.98840 -0.0012770 0.0018335 
1003  0.010402 -1.9783 0.98856 -0.00043520 0.0018356 
1004  0.0096019 -2.0135 0.98910 -0.00075530 0.0018371 
1005  0.0078016 -2.1044 0.99001 -0.0017149 0.0018284 
1006  0.010802 -1.9618 0.98820 -0.00027041 0.0018380 
1007  0.013003 -1.8803 0.98595 0.0057093 0.0018697 
1008  0.0076015 -2.1158 0.99003 0.00044979 0.0018352 
1009  0.0082016 -2.0825 0.98989 -0.00054093 0.0018294 
1010  0.0092018 -2.0321 0.98936 -0.0020730 0.0018308 
1011  0.0098020 -2.0044 0.98898 -0.00053894 0.0018373 
1012  0.0066013 -2.1775 0.99018 -0.00090388 0.0018310 
1013  0.012803 -1.8871 0.98624 -0.00094533 0.0018396 
1014  0.010202 -1.9869 0.98869 -0.0014715 0.0018389 
1015  0.011402 -1.9380 0.98761 -0.00030161 0.0018399 
1016  0.010002 -1.9955 0.98885 -0.0013003 0.0018323 
1017  0.010402 -1.9783 0.98856 -0.0014198 0.0018315 
1018  0.0094019 -2.0227 0.98923 0.00012662 0.0018346 
1019  0.0078016 -2.1044 0.99001 -0.00096073 0.0018319 
1020  0.0078016 -2.1044 0.99001 0.0010391 0.0018356 
1021  0.0094019 -2.0227 0.98923 -0.00086795 0.0018401 
1022  0.0094019 -2.0227 0.98923 0.0034057 0.0018460 
1023  0.0080016 -2.0933 0.98994 -0.00027689 0.0018337 
1024  0.0082016 -2.0825 0.98989 -0.0032016 0.0018259 
1025  0.013003 -1.8803 0.98595 0.0020153 0.0018467 
1026  0.0096019 -2.0135 0.98910 -0.0027484 0.0018266 
1027  0.010202 -1.9869 0.98869 0.0024259 0.0018441 
1028  0.010002 -1.9955 0.98885 8.4560e-05 0.0018397 
1029  0.0082016 -2.0825 0.98989 -7.6086e-07 0.0018339 
1030  0.010402 -1.9783 0.98856 0.0010456 0.0018418 
1031  0.0094019 -2.0227 0.98923 0.00046031 0.0018349 
1032  0.013403 -1.8669 0.98539 0.0037999 0.0018529 
1033  0.011802 -1.9229 0.98726 0.00066779 0.0018356 
1034  0.0094019 -2.0227 0.98923 -3.7819e-05 0.0018364 
1035  0.0092018 -2.0321 0.98936 1.1630e-05 0.0018339 
1036  0.010602 -1.9700 0.98840 0.00015334 0.0018370 
1037  0.0088018 -2.0516 0.98961 0.00085230 0.0018366 
1038  0.011002 -1.9537 0.98799 -7.1392e-05 0.0018366 
1039  0.010802 -1.9618 0.98820 0.0015856 0.0018464 
1040  0.0086017 -2.0617 0.98969 -0.0024476 0.0018271 
1041  0.0074015 -2.1275 0.99008 -0.0011967 0.0018344 
1042  0.0098020 -2.0044 0.98898 -0.0013216 0.0018322 
1043  0.010802 -1.9618 0.98820 -0.0017128 0.0018292 
1044  0.0098020 -2.0044 0.98898 -0.00079174 0.0018329 
1045  0.010202 -1.9869 0.98869 -0.00010746 0.0018360 
1046  0.022204 -1.6438 0.97780 0.023548 0.0019663 
1047  0.0088018 -2.0516 0.98961 0.0024771 0.0018458 
1048  0.010802 -1.9618 0.98820 -0.0018231 0.0018324 
1049  0.0078016 -2.1044 0.99001 0.00077713 0.0018342 
1050  0.010002 -1.9955 0.98885 5.8425e-05 0.0018340 
1051  0.0096019 -2.0135 0.98910 0.0047267 0.0018486 
1052  0.0086017 -2.0617 0.98969 -0.0022054 0.0018277 
1053  0.011202 -1.9458 0.98781 -0.0016076 0.0018297 
1054  0.0096019 -2.0135 0.98910 0.00037174 0.0018342 
1055  0.0090018 -2.0417 0.98951 -3.5499e-05 0.0018386 
1056  0.0086017 -2.0617 0.98969 0.00022190 0.0018349 
1057  0.010802 -1.9618 0.98820 0.0011781 0.0018384 
1058  0.010802 -1.9618 0.98820 -0.0016411 0.0018309 
1059  0.010602 -1.9700 0.98840 0.0018634 0.0018444 
1060  0.010602 -1.9700 0.98840 -0.00099680 0.0018330 
1061  0.0082016 -2.0825 0.98989 -0.00076394 0.0018293 
1062  0.010402 -1.9783 0.98856 0.00079409 0.0018419 
1063  0.0068014 -2.1644 0.99017 -0.00045313 0.0018305 
1064  0.0084017 -2.0720 0.98978 -0.00066457 0.0018339 
1065  0.0074015 -2.1275 0.99008 0.0024018 0.0018442 
1066  0.0090018 -2.0417 0.98951 0.0019936 0.0018385 
1067  0.012002 -1.9155 0.98706 0.00044704 0.0018362 
1068  0.010802 -1.9618 0.98820 0.0039628 0.0018569 
