    prob  log10(PO)   qval  alpha  fst
1  0.0846169 -1.03415 0.908328 -0.010252 0.0018480 
2  0.092819 -0.99006 0.90217 0.013758 0.0019581 
3  0.092418 -0.99213 0.90268 -0.014289 0.0018498 
4  0.083017 -1.0432 0.90885 0.0029682 0.0018799 
5  0.093819 -0.98493 0.90114 0.023962 0.0019746 
6  0.098820 -0.95997 0.89393 0.0073177 0.0019304 
7  0.090818 -1.0005 0.90409 0.0082775 0.0019263 
8  0.091618 -0.99629 0.90337 0.0024553 0.0018835 
9  0.089618 -1.0068 0.90508 0.0089440 0.0019163 
10  0.085017 -1.0319 0.90812 -0.0082477 0.0018449 
11  0.085817 -1.0275 0.90777 -0.010028 0.0018448 
12  0.085617 -1.0286 0.90790 -0.0057469 0.0018678 
13  0.086417 -1.0241 0.90741 -0.010210 0.0018405 
14  0.082817 -1.0443 0.90889 -0.010048 0.0018382 
15  0.088018 -1.0154 0.90645 -0.010515 0.0018354 
16  0.081216 -1.0536 0.90918 -0.020333 0.0018148 
17  0.091018 -0.99943 0.90392 0.00067295 0.0018810 
18  0.083417 -1.0409 0.90872 -0.0073176 0.0018560 
19  0.093619 -0.98595 0.90145 0.0047392 0.0019019 
20  0.084617 -1.0341 0.90833 -0.0028089 0.0018536 
21  0.085217 -1.0308 0.90806 -0.0070581 0.0018633 
22  0.093419 -0.98697 0.90165 0.0062927 0.0018937 
23  0.097419 -0.96684 0.89571 -0.00049549 0.0019139 
24  0.087417 -1.0187 0.90686 -0.0029432 0.0018781 
25  0.096419 -0.97180 0.89715 0.0084085 0.0019442 
26  0.084417 -1.0353 0.90839 -0.016838 0.0018247 
27  0.083817 -1.0387 0.90861 -0.012059 0.0018455 
28  0.087417 -1.0187 0.90686 0.0080019 0.0019149 
29  0.090418 -1.0026 0.90442 -0.0024099 0.0018739 
30  0.096819 -0.96981 0.89648 0.012223 0.0019350 
31  0.093619 -0.98595 0.90145 0.0052608 0.0019344 
32  0.090618 -1.0015 0.90428 -0.00053288 0.0018989 
33  0.087818 -1.0165 0.90656 0.0015968 0.0018787 
34  0.088618 -1.0122 0.90596 0.0049471 0.0019169 
35  0.096219 -0.97280 0.89759 0.014084 0.0019445 
36  0.091618 -0.99629 0.90337 -0.016564 0.0018343 
37  0.086217 -1.0252 0.90754 -0.010955 0.0018441 
38  0.087417 -1.0187 0.90686 -0.0048601 0.0018760 
39  0.094419 -0.98187 0.90042 0.0015922 0.0019218 
40  0.095819 -0.97480 0.89828 0.023558 0.0019801 
41  0.087618 -1.0176 0.90669 0.0043683 0.0019162 
42  0.089818 -1.0058 0.90493 -0.0052069 0.0018713 
43  0.087417 -1.0187 0.90686 -0.014980 0.0018448 
44  0.093219 -0.98800 0.90185 -0.0050498 0.0018735 
45  0.10462 -0.93239 0.87948 0.028921 0.0020259 
46  0.096019 -0.97380 0.89795 -0.0098422 0.0018762 
47  0.10322 -0.93892 0.88506 0.013581 0.0019449 
48  0.097019 -0.96882 0.89618 -0.0065253 0.0018727 
49  0.091818 -0.99524 0.90325 0.0095699 0.0019161 
50  0.088618 -1.0122 0.90596 -0.011076 0.0018494 
51  0.088818 -1.0111 0.90577 -0.0091549 0.0018461 
52  0.086017 -1.0264 0.90764 -0.010362 0.0018482 
53  0.095619 -0.97581 0.89862 0.0097953 0.0019016 
54  0.091818 -0.99524 0.90325 -0.0031112 0.0018698 
55  0.10162 -0.94648 0.88986 0.023307 0.0019860 
56  0.10082 -0.95030 0.89116 0.0034843 0.0019116 
57  0.090218 -1.0036 0.90462 -0.0031706 0.0018874 
58  0.088018 -1.0154 0.90645 -0.012195 0.0018374 
59  0.094619 -0.98085 0.90012 -0.013228 0.0018493 
60  0.083817 -1.0387 0.90861 -0.0010546 0.0018714 
61  0.088018 -1.0154 0.90645 -0.0010583 0.0018846 
62  0.089618 -1.0068 0.90508 -0.0077851 0.0018617 
63  0.086817 -1.0220 0.90715 -0.0068074 0.0018641 
64  0.088618 -1.0122 0.90596 0.011452 0.0019470 
65  0.091418 -0.99733 0.90355 -0.012051 0.0018569 
66  0.096219 -0.97280 0.89759 0.011307 0.0019323 
67  0.088818 -1.0111 0.90577 -0.0077235 0.0018667 
68  0.084417 -1.0353 0.90839 -0.019334 0.0018113 
69  0.094619 -0.98085 0.90012 -0.0014320 0.0018849 
70  0.10022 -0.95318 0.89223 0.023947 0.0019981 
71  0.091018 -0.99943 0.90392 -0.0043783 0.0018753 
72  0.084217 -1.0364 0.90847 0.0079236 0.0019301 
73  0.098020 -0.96388 0.89464 0.00016983 0.0019179 
74  0.090018 -1.0047 0.90482 0.0062146 0.0019084 
75  0.10442 -0.93332 0.88094 0.034440 0.0020470 
76  0.088618 -1.0122 0.90596 -0.019645 0.0018337 
77  0.083217 -1.0421 0.90880 0.00067694 0.0018786 
78  0.085817 -1.0275 0.90777 -0.0069221 0.0018642 
79  0.091818 -0.99524 0.90325 -0.0032412 0.0018724 
80  0.086817 -1.0220 0.90715 0.0039287 0.0019100 
81  0.084217 -1.0364 0.90847 -0.0083707 0.0018547 
82  0.096619 -0.97081 0.89688 -0.011167 0.0018649 
83  0.096619 -0.97081 0.89688 0.0065739 0.0019164 
84  0.092218 -0.99316 0.90288 -0.012429 0.0018449 
85  0.088218 -1.0143 0.90625 -0.0024013 0.0018834 
86  0.089618 -1.0068 0.90508 0.019576 0.0019595 
87  0.089418 -1.0079 0.90523 -0.014443 0.0018349 
88  0.083017 -1.0432 0.90885 0.0050586 0.0018882 
89  0.091218 -0.99838 0.90373 -0.017908 0.0018330 
90  0.092218 -0.99316 0.90288 -0.0066169 0.0018698 
91  0.094419 -0.98187 0.90042 0.0022036 0.0019038 
92  0.091618 -0.99629 0.90337 -0.0064530 0.0018587 
93  0.085417 -1.0297 0.90799 -0.010879 0.0018441 
94  0.092619 -0.99109 0.90250 0.00070884 0.0018853 
95  0.087618 -1.0176 0.90669 -0.017748 0.0018276 
96  0.086017 -1.0264 0.90764 -0.018149 0.0018211 
97  0.086017 -1.0264 0.90764 -0.0077646 0.0018605 
98  0.092819 -0.99006 0.90217 -0.017494 0.0018263 
99  0.082216 -1.0478 0.90903 0.00045878 0.0018672 
100  0.093819 -0.98493 0.90114 -0.010128 0.0018651 
101  0.093619 -0.98595 0.90145 0.0026679 0.0019113 
102  0.089018 -1.0100 0.90558 -0.010757 0.0018568 
103  0.083817 -1.0387 0.90861 -0.013159 0.0018215 
104  0.082416 -1.0466 0.90902 -0.0010274 0.0018600 
105  0.081616 -1.0512 0.90910 -0.00066222 0.0018787 
106  0.091218 -0.99838 0.90373 -0.010127 0.0018630 
107  0.089018 -1.0100 0.90558 -0.013538 0.0018414 
108  0.090618 -1.0015 0.90428 -0.0079893 0.0018554 
109  0.091818 -0.99524 0.90325 -0.011106 0.0018465 
110  0.088818 -1.0111 0.90577 0.0022601 0.0018943 
111  0.087017 -1.0209 0.90707 -0.0035369 0.0018509 
112  0.094819 -0.97984 0.89980 0.0034018 0.0018972 
113  0.10142 -0.94743 0.89021 0.042687 0.0021087 
114  0.087417 -1.0187 0.90686 8.2280e-05 0.0018929 
115  0.084617 -1.0341 0.90833 -0.0066690 0.0018588 
116  0.090218 -1.0036 0.90462 -0.013096 0.0018275 
117  0.094419 -0.98187 0.90042 0.0040499 0.0019037 
118  0.093819 -0.98493 0.90114 -0.0081485 0.0018682 
119  0.090618 -1.0015 0.90428 -0.011274 0.0018390 
120  0.11242 -0.89735 0.84787 0.068686 0.0022544 
121  0.082416 -1.0466 0.90902 -0.0062515 0.0018598 
122  0.088018 -1.0154 0.90645 -0.0051553 0.0018749 
123  0.091018 -0.99943 0.90392 0.010262 0.0019187 
124  0.093219 -0.98800 0.90185 -0.015535 0.0018424 
125  0.098820 -0.95997 0.89393 0.0019434 0.0019139 
126  0.094819 -0.97984 0.89980 0.014345 0.0019096 
127  0.088018 -1.0154 0.90645 -0.012051 0.0018392 
128  0.097019 -0.96882 0.89618 0.041709 0.0020655 
129  0.090618 -1.0015 0.90428 -0.0053463 0.0018678 
130  0.095219 -0.97782 0.89927 0.0045684 0.0019037 
131  0.083217 -1.0421 0.90880 -0.0033553 0.0018704 
132  0.089218 -1.0090 0.90541 -0.0060444 0.0018826 
133  0.091018 -0.99943 0.90392 -0.020197 0.0018182 
134  0.087818 -1.0165 0.90656 -0.0053706 0.0018662 
135  0.091818 -0.99524 0.90325 -0.0074416 0.0018676 
136  0.087217 -1.0198 0.90695 0.00069670 0.0019083 
137  0.10202 -0.94458 0.88817 0.023389 0.0020215 
138  0.090418 -1.0026 0.90442 -0.0088762 0.0018666 
139  0.087618 -1.0176 0.90669 -0.0089169 0.0018460 
140  0.095019 -0.97883 0.89954 0.0019802 0.0018781 
141  0.094219 -0.98289 0.90060 -0.0073901 0.0018715 
142  0.089418 -1.0079 0.90523 -0.0096067 0.0018617 
143  0.098020 -0.96388 0.89464 0.0010809 0.0019056 
144  0.092218 -0.99316 0.90288 -0.011279 0.0018384 
145  0.094219 -0.98289 0.90060 0.015083 0.0019490 
146  0.089018 -1.0100 0.90558 -0.019355 0.0018220 
147  0.10182 -0.94553 0.88908 0.030647 0.0019889 
148  0.081416 -1.0524 0.90916 -0.0058190 0.0018604 
149  0.094019 -0.98390 0.90089 -0.00094326 0.0018808 
150  0.093219 -0.98800 0.90185 -0.013048 0.0018387 
151  0.089818 -1.0058 0.90493 0.0062726 0.0019057 
152  0.090618 -1.0015 0.90428 -0.0048688 0.0018620 
153  0.085617 -1.0286 0.90790 -0.0060871 0.0018574 
154  0.085617 -1.0286 0.90790 -0.0036738 0.0018631 
155  0.085617 -1.0286 0.90790 -0.012864 0.0018310 
156  0.091218 -0.99838 0.90373 -0.0067431 0.0018946 
157  0.087618 -1.0176 0.90669 -0.013115 0.0018504 
158  0.082617 -1.0455 0.90895 -0.0012946 0.0018617 
159  0.094019 -0.98390 0.90089 -0.0068038 0.0018585 
160  0.089018 -1.0100 0.90558 -0.0050628 0.0018800 
161  0.092418 -0.99213 0.90268 0.0024112 0.0018822 
162  0.087818 -1.0165 0.90656 -0.0095487 0.0018662 
163  0.089218 -1.0090 0.90541 -0.0062391 0.0018703 
164  0.085417 -1.0297 0.90799 -0.0082203 0.0018486 
165  0.088618 -1.0122 0.90596 -0.0036960 0.0018737 
166  0.083017 -1.0432 0.90885 -0.010298 0.0018412 
167  0.089218 -1.0090 0.90541 -0.0088807 0.0018505 
168  0.090618 -1.0015 0.90428 -0.0082744 0.0018466 
169  0.10022 -0.95318 0.89223 0.0033051 0.0019223 
170  0.081416 -1.0524 0.90916 0.00036080 0.0018980 
171  0.086617 -1.0230 0.90726 -0.019260 0.0018229 
172  0.097019 -0.96882 0.89618 0.012358 0.0019663 
173  0.096019 -0.97380 0.89795 -0.0058754 0.0018733 
174  0.087618 -1.0176 0.90669 -0.0069325 0.0018708 
175  0.094019 -0.98390 0.90089 -0.012081 0.0018588 
176  0.094619 -0.98085 0.90012 0.0026972 0.0019046 
177  0.090418 -1.0026 0.90442 0.0075001 0.0019181 
178  0.085217 -1.0308 0.90806 0.0056533 0.0018968 
179  0.10062 -0.95126 0.89130 0.026217 0.0020006 
180  0.085817 -1.0275 0.90777 -0.010277 0.0018506 
181  0.096019 -0.97380 0.89795 0.0020379 0.0019019 
182  0.087017 -1.0209 0.90707 -0.0057888 0.0018696 
183  0.094219 -0.98289 0.90060 -0.0058405 0.0018856 
184  0.085417 -1.0297 0.90799 -0.015281 0.0018279 
185  0.088418 -1.0133 0.90607 0.00034715 0.0018952 
186  0.087017 -1.0209 0.90707 0.014686 0.0019656 
187  0.084417 -1.0353 0.90839 -0.0087365 0.0018611 
188  0.091418 -0.99733 0.90355 0.012872 0.0019295 
189  0.092619 -0.99109 0.90250 -0.0031250 0.0018671 
190  0.089218 -1.0090 0.90541 -0.0081499 0.0018638 
191  0.093819 -0.98493 0.90114 -0.0053296 0.0018792 
192  0.093819 -0.98493 0.90114 -0.018335 0.0018408 
193  0.083217 -1.0421 0.90880 -0.0095012 0.0018403 
194  0.089218 -1.0090 0.90541 0.0029618 0.0018882 
195  0.092819 -0.99006 0.90217 0.0010321 0.0018860 
196  0.094419 -0.98187 0.90042 0.0049930 0.0019057 
197  0.10142 -0.94743 0.89021 0.012970 0.0019348 
198  0.085417 -1.0297 0.90799 -0.016185 0.0018260 
199  0.088818 -1.0111 0.90577 0.0018280 0.0018955 
200  0.090018 -1.0047 0.90482 -0.014846 0.0018444 
201  0.099820 -0.95511 0.89269 0.021003 0.0019819 
202  0.092819 -0.99006 0.90217 -0.0043382 0.0018804 
203  0.10822 -0.91594 0.86489 0.052107 0.0021231 
204  0.093619 -0.98595 0.90145 -0.015042 0.0018418 
205  0.084617 -1.0341 0.90833 -0.017100 0.0018200 
206  0.090218 -1.0036 0.90462 -0.0045315 0.0018710 
207  0.085017 -1.0319 0.90812 -0.0063800 0.0018479 
208  0.094019 -0.98390 0.90089 0.0020032 0.0018902 
209  0.10682 -0.92228 0.87139 0.050562 0.0021419 
210  0.089618 -1.0068 0.90508 -0.0060087 0.0018905 
211  0.093619 -0.98595 0.90145 0.0015489 0.0018874 
212  0.083017 -1.0432 0.90885 -0.0055273 0.0018675 
213  0.087417 -1.0187 0.90686 0.0014468 0.0018885 
214  0.083417 -1.0409 0.90872 -0.0062151 0.0018516 
215  0.087818 -1.0165 0.90656 -0.010175 0.0018358 
216  0.094019 -0.98390 0.90089 -0.0043861 0.0018892 
217  0.087417 -1.0187 0.90686 0.00090148 0.0018812 
218  0.091018 -0.99943 0.90392 -0.0048864 0.0018811 
219  0.089618 -1.0068 0.90508 -0.0083213 0.0018622 
220  0.086417 -1.0241 0.90741 -0.010822 0.0018447 
221  0.090818 -1.0005 0.90409 -0.00068237 0.0018882 
222  0.087417 -1.0187 0.90686 -0.013255 0.0018370 
223  0.086217 -1.0252 0.90754 -0.017886 0.0018304 
224  0.094619 -0.98085 0.90012 0.00061563 0.0018722 
225  0.095619 -0.97581 0.89862 -0.0034761 0.0018819 
226  0.084017 -1.0375 0.90853 -0.013461 0.0018248 
227  0.092218 -0.99316 0.90288 0.0065131 0.0018816 
228  0.088618 -1.0122 0.90596 -0.0019925 0.0018826 
229  0.079616 -1.0630 0.90931 -0.015040 0.0018218 
230  0.092619 -0.99109 0.90250 -0.0031120 0.0018710 
231  0.084017 -1.0375 0.90853 -0.011870 0.0018465 
232  0.087017 -1.0209 0.90707 -0.0051649 0.0018615 
233  0.088618 -1.0122 0.90596 -0.0033914 0.0018672 
234  0.089018 -1.0100 0.90558 -0.0028664 0.0018640 
235  0.089818 -1.0058 0.90493 0.0056039 0.0019217 
236  0.089818 -1.0058 0.90493 0.0030479 0.0018961 
237  0.094019 -0.98390 0.90089 -0.010562 0.0018451 
238  0.093019 -0.98903 0.90197 -0.0035580 0.0018597 
239  0.090618 -1.0015 0.90428 -0.0062791 0.0018702 
240  0.090018 -1.0047 0.90482 -7.0450e-05 0.0018969 
241  0.088618 -1.0122 0.90596 -0.00068706 0.0018648 
242  0.086617 -1.0230 0.90726 -0.0069980 0.0018501 
243  0.091218 -0.99838 0.90373 0.0051351 0.0018992 
244  0.088018 -1.0154 0.90645 -0.0031795 0.0018790 
245  0.088818 -1.0111 0.90577 0.00051690 0.0018839 
246  0.097419 -0.96684 0.89571 0.0099275 0.0019128 
247  0.096219 -0.97280 0.89759 -0.00070364 0.0018958 
248  0.095619 -0.97581 0.89862 0.00087305 0.0019033 
249  0.090818 -1.0005 0.90409 -0.0090079 0.0018550 
250  0.090018 -1.0047 0.90482 -0.010235 0.0018331 
251  0.088618 -1.0122 0.90596 -0.00059005 0.0018733 
252  0.099220 -0.95802 0.89324 0.029049 0.0019865 
253  0.099220 -0.95802 0.89324 0.038837 0.0020716 
254  0.091418 -0.99733 0.90355 -0.0068911 0.0018626 
255  0.091218 -0.99838 0.90373 -0.012907 0.0018402 
256  0.087818 -1.0165 0.90656 -0.017879 0.0018222 
257  0.082016 -1.0489 0.90906 -0.0053388 0.0018643 
258  0.091818 -0.99524 0.90325 -0.010189 0.0018611 
259  0.092619 -0.99109 0.90250 -0.0052497 0.0018553 
260  0.095619 -0.97581 0.89862 -0.0010001 0.0018892 
261  0.094419 -0.98187 0.90042 0.0058076 0.0019238 
262  0.10682 -0.92228 0.87139 0.046017 0.0020629 
263  0.083417 -1.0409 0.90872 -0.00075108 0.0018733 
264  0.093419 -0.98697 0.90165 -0.0099380 0.0018500 
265  0.089618 -1.0068 0.90508 -0.023109 0.0018088 
266  0.10302 -0.93986 0.88615 0.018452 0.0019608 
267  0.092418 -0.99213 0.90268 -0.0083358 0.0018552 
268  0.086817 -1.0220 0.90715 -0.015856 0.0018229 
269  0.080816 -1.0559 0.90923 -0.0091889 0.0018412 
270  0.091818 -0.99524 0.90325 0.013985 0.0019519 
271  0.087618 -1.0176 0.90669 -0.016863 0.0018234 
272  0.086417 -1.0241 0.90741 -0.0088933 0.0018606 
273  0.099020 -0.95899 0.89354 -0.016004 0.0018635 
274  0.089018 -1.0100 0.90558 -0.0029646 0.0018774 
275  0.085617 -1.0286 0.90790 -0.014825 0.0018330 
276  0.084617 -1.0341 0.90833 -0.014971 0.0018384 
277  0.086217 -1.0252 0.90754 0.0020512 0.0018824 
278  0.082016 -1.0489 0.90906 -0.021854 0.0018165 
279  0.084417 -1.0353 0.90839 -0.0068038 0.0018502 
280  0.082416 -1.0466 0.90902 -0.011840 0.0018348 
281  0.093219 -0.98800 0.90185 0.0055346 0.0019141 
282  0.088818 -1.0111 0.90577 -0.010620 0.0018331 
283  0.085617 -1.0286 0.90790 -0.0063148 0.0018535 
284  0.095619 -0.97581 0.89862 -0.0056273 0.0018615 
285  0.090418 -1.0026 0.90442 -0.0086758 0.0018510 
286  0.092018 -0.99420 0.90305 0.0017355 0.0018913 
287  0.089218 -1.0090 0.90541 -0.0089842 0.0018470 
288  0.082817 -1.0443 0.90889 -0.010846 0.0018293 
289  0.090218 -1.0036 0.90462 -0.016242 0.0018299 
290  0.090618 -1.0015 0.90428 -0.010693 0.0018478 
291  0.090618 -1.0015 0.90428 -0.0090937 0.0018573 
292  0.088618 -1.0122 0.90596 0.0030607 0.0018964 
293  0.087017 -1.0209 0.90707 -0.013042 0.0018440 
294  0.090218 -1.0036 0.90462 -0.0054650 0.0018572 
295  0.096619 -0.97081 0.89688 -0.0010281 0.0018944 
296  0.090218 -1.0036 0.90462 -0.0051249 0.0018557 
297  0.085017 -1.0319 0.90812 -0.011229 0.0018343 
298  0.086417 -1.0241 0.90741 0.00039229 0.0018915 
299  0.093819 -0.98493 0.90114 -0.0098851 0.0018689 
300  0.091818 -0.99524 0.90325 -0.0010332 0.0018934 
301  0.083817 -1.0387 0.90861 -0.0072780 0.0018587 
302  0.094019 -0.98390 0.90089 -0.012578 0.0018422 
303  0.10022 -0.95318 0.89223 -0.013472 0.0018389 
304  0.086217 -1.0252 0.90754 -0.016748 0.0018296 
305  0.084217 -1.0364 0.90847 -0.0099666 0.0018541 
306  0.099420 -0.95705 0.89292 0.028431 0.0020057 
307  0.095219 -0.97782 0.89927 -0.016328 0.0018321 
308  0.096219 -0.97280 0.89759 0.0068509 0.0019274 
309  0.085617 -1.0286 0.90790 -0.0027052 0.0018788 
310  0.087417 -1.0187 0.90686 -0.0025354 0.0018588 
311  0.084217 -1.0364 0.90847 -0.0010621 0.0018897 
312  0.088018 -1.0154 0.90645 -0.010366 0.0018674 
313  0.088418 -1.0133 0.90607 0.00040382 0.0018977 
314  0.10042 -0.95222 0.89145 0.012079 0.0019397 
315  0.088218 -1.0143 0.90625 0.00071113 0.0018966 
316  0.086217 -1.0252 0.90754 -0.0036830 0.0018623 
317  0.093819 -0.98493 0.90114 0.010470 0.0019280 
318  0.087217 -1.0198 0.90695 -0.014772 0.0018294 
319  0.085217 -1.0308 0.90806 -0.011720 0.0018543 
320  0.092619 -0.99109 0.90250 -0.0036767 0.0018843 
321  0.11002 -0.90790 0.85835 0.039317 0.0020432 
322  0.088018 -1.0154 0.90645 -0.018408 0.0018144 
323  0.086617 -1.0230 0.90726 -0.0078822 0.0018461 
324  0.091418 -0.99733 0.90355 -0.014077 0.0018464 
325  0.087818 -1.0165 0.90656 -0.0066615 0.0018647 
326  0.094019 -0.98390 0.90089 -0.0023833 0.0018831 
327  0.086017 -1.0264 0.90764 0.0015597 0.0018682 
328  0.083617 -1.0398 0.90864 -0.019951 0.0018244 
329  0.087417 -1.0187 0.90686 -0.0061444 0.0018617 
330  0.085817 -1.0275 0.90777 -0.0050095 0.0018569 
331  0.10082 -0.95030 0.89116 -0.013964 0.0018403 
332  0.090218 -1.0036 0.90462 -0.0083611 0.0018486 
333  0.091818 -0.99524 0.90325 -0.010700 0.0018623 
334  0.090018 -1.0047 0.90482 0.010803 0.0019399 
335  0.084617 -1.0341 0.90833 -0.0096375 0.0018449 
336  0.089418 -1.0079 0.90523 -0.0014344 0.0018844 
337  0.086417 -1.0241 0.90741 -0.019968 0.0018207 
338  0.083017 -1.0432 0.90885 -0.0014419 0.0018903 
339  0.088818 -1.0111 0.90577 -0.015065 0.0018346 
340  0.084817 -1.0330 0.90821 -0.0024687 0.0018660 
341  0.086017 -1.0264 0.90764 -0.019538 0.0018138 
342  0.095019 -0.97883 0.89954 0.014314 0.0019361 
343  0.088818 -1.0111 0.90577 0.0082398 0.0019019 
344  0.087417 -1.0187 0.90686 -0.00047008 0.0018857 
345  0.090018 -1.0047 0.90482 -0.0027354 0.0018763 
346  0.086617 -1.0230 0.90726 -0.0092143 0.0018412 
347  0.092018 -0.99420 0.90305 0.014336 0.0019389 
348  0.094019 -0.98390 0.90089 -0.00018865 0.0019013 
349  0.091818 -0.99524 0.90325 -0.011781 0.0018456 
350  0.093419 -0.98697 0.90165 -0.016804 0.0018329 
351  0.093619 -0.98595 0.90145 -0.0073739 0.0018570 
352  0.088218 -1.0143 0.90625 -0.0016365 0.0018679 
353  0.093219 -0.98800 0.90185 -0.0089731 0.0018556 
354  0.086017 -1.0264 0.90764 -0.011197 0.0018385 
355  0.083817 -1.0387 0.90861 -0.0049227 0.0018798 
356  0.084617 -1.0341 0.90833 -0.017558 0.0018220 
357  0.084017 -1.0375 0.90853 0.0016508 0.0018843 
358  0.087017 -1.0209 0.90707 -0.014315 0.0018225 
359  0.095219 -0.97782 0.89927 0.015224 0.0019494 
360  0.094219 -0.98289 0.90060 -0.011931 0.0018602 
361  0.096619 -0.97081 0.89688 0.013807 0.0019621 
362  0.085417 -1.0297 0.90799 -0.00036171 0.0018705 
363  0.088618 -1.0122 0.90596 -0.0058572 0.0018647 
364  0.087217 -1.0198 0.90695 -0.0039343 0.0018619 
365  0.091418 -0.99733 0.90355 0.0023016 0.0019181 
366  0.086817 -1.0220 0.90715 0.011859 0.0019129 
367  0.091418 -0.99733 0.90355 -0.0012146 0.0018899 
368  0.088418 -1.0133 0.90607 -0.020494 0.0018297 
369  0.090218 -1.0036 0.90462 0.010508 0.0019162 
370  0.088018 -1.0154 0.90645 -0.0052812 0.0018600 
371  0.098020 -0.96388 0.89464 0.026248 0.0019835 
372  0.096019 -0.97380 0.89795 0.013508 0.0019540 
373  0.095219 -0.97782 0.89927 0.0047078 0.0019083 
374  0.085017 -1.0319 0.90812 -0.019248 0.0018319 
375  0.090418 -1.0026 0.90442 -0.017241 0.0018382 
376  0.095619 -0.97581 0.89862 0.00067601 0.0018747 
377  0.093419 -0.98697 0.90165 0.029787 0.0019853 
378  0.087217 -1.0198 0.90695 0.0085627 0.0019145 
379  0.092018 -0.99420 0.90305 -0.023698 0.0018195 
380  0.091218 -0.99838 0.90373 0.013673 0.0019199 
381  0.094619 -0.98085 0.90012 0.0028279 0.0019041 
382  0.093819 -0.98493 0.90114 -0.011442 0.0018420 
383  0.087217 -1.0198 0.90695 -0.0054889 0.0018845 
384  0.088018 -1.0154 0.90645 -0.0043697 0.0018704 
385  0.087017 -1.0209 0.90707 -0.0061223 0.0018697 
386  0.085417 -1.0297 0.90799 -0.011473 0.0018499 
387  0.093619 -0.98595 0.90145 0.018016 0.0019524 
388  0.096219 -0.97280 0.89759 0.0094769 0.0019244 
389  0.088018 -1.0154 0.90645 -0.0074352 0.0018570 
390  0.081816 -1.0501 0.90909 -0.017278 0.0018359 
391  0.086617 -1.0230 0.90726 -0.0040617 0.0018647 
392  0.097620 -0.96585 0.89528 0.0012058 0.0019062 
393  0.087818 -1.0165 0.90656 -0.020241 0.0018189 
394  0.084217 -1.0364 0.90847 -0.010494 0.0018319 
395  0.082416 -1.0466 0.90902 -0.0093386 0.0018342 
396  0.085817 -1.0275 0.90777 -0.0052696 0.0018540 
397  0.10382 -0.93611 0.88326 0.031109 0.0020098 
398  0.090218 -1.0036 0.90462 -0.014489 0.0018321 
399  0.087017 -1.0209 0.90707 -0.013576 0.0018394 
400  0.089818 -1.0058 0.90493 0.0012273 0.0018877 
401  0.096819 -0.96981 0.89648 -0.0012804 0.0018929 
402  0.092418 -0.99213 0.90268 -0.0059704 0.0018847 
403  0.095619 -0.97581 0.89862 0.0089770 0.0018982 
404  0.090218 -1.0036 0.90462 0.00028876 0.0018743 
405  0.094819 -0.97984 0.89980 0.0022461 0.0018892 
406  0.090018 -1.0047 0.90482 0.0033433 0.0019043 
407  0.081016 -1.0547 0.90920 -0.012907 0.0018282 
408  0.096419 -0.97180 0.89715 0.0099434 0.0019408 
409  0.088618 -1.0122 0.90596 -0.014281 0.0018324 
410  0.093019 -0.98903 0.90197 0.010426 0.0019334 
411  0.087417 -1.0187 0.90686 -0.0087791 0.0018493 
412  0.087017 -1.0209 0.90707 0.0030583 0.0019008 
413  0.096419 -0.97180 0.89715 0.00013007 0.0018995 
414  0.089418 -1.0079 0.90523 -0.0058334 0.0018523 
415  0.090818 -1.0005 0.90409 -0.014836 0.0018441 
416  0.090018 -1.0047 0.90482 -0.013602 0.0018455 
417  0.088618 -1.0122 0.90596 0.0025696 0.0018946 
418  0.092018 -0.99420 0.90305 -0.0072352 0.0018510 
419  0.089618 -1.0068 0.90508 -0.0017239 0.0018775 
420  0.090818 -1.0005 0.90409 0.0053775 0.0019224 
421  0.091218 -0.99838 0.90373 -0.0034049 0.0018681 
422  0.082016 -1.0489 0.90906 -0.0061852 0.0018612 
423  0.084817 -1.0330 0.90821 0.0077044 0.0019074 
424  0.090018 -1.0047 0.90482 -0.0040193 0.0018734 
425  0.087618 -1.0176 0.90669 0.0034608 0.0018841 
426  0.091018 -0.99943 0.90392 -0.011662 0.0018477 
427  0.080216 -1.0594 0.90930 -0.0091768 0.0018431 
428  0.095219 -0.97782 0.89927 0.0030191 0.0019045 
429  0.094419 -0.98187 0.90042 0.0074563 0.0019094 
430  0.086017 -1.0264 0.90764 -0.0084320 0.0018656 
431  0.084817 -1.0330 0.90821 0.0042798 0.0019014 
432  0.10182 -0.94553 0.88908 0.027324 0.0020042 
433  0.097620 -0.96585 0.89528 0.017848 0.0019859 
434  0.092819 -0.99006 0.90217 -0.015245 0.0018395 
435  0.091018 -0.99943 0.90392 0.0027440 0.0019065 
436  0.085817 -1.0275 0.90777 -0.0080140 0.0018443 
437  0.11042 -0.90613 0.85383 0.057740 0.0021876 
438  0.090818 -1.0005 0.90409 0.0055838 0.0019079 
439  0.087818 -1.0165 0.90656 -0.0043049 0.0018690 
440  0.10082 -0.95030 0.89116 0.038639 0.0020573 
441  0.084817 -1.0330 0.90821 -0.016012 0.0018214 
442  0.090218 -1.0036 0.90462 0.0014635 0.0018900 
443  0.091818 -0.99524 0.90325 0.0058696 0.0018956 
444  0.090418 -1.0026 0.90442 -0.012660 0.0018407 
445  0.083617 -1.0398 0.90864 -0.0038368 0.0018780 
446  0.096419 -0.97180 0.89715 0.0056308 0.0019217 
447  0.084817 -1.0330 0.90821 -0.0077168 0.0018481 
448  0.099620 -0.95608 0.89280 0.038120 0.0020639 
449  0.089618 -1.0068 0.90508 0.0077732 0.0019212 
450  0.097620 -0.96585 0.89528 0.0074773 0.0019036 
451  0.092418 -0.99213 0.90268 0.0054779 0.0019186 
452  0.090618 -1.0015 0.90428 -0.010315 0.0018475 
453  0.089218 -1.0090 0.90541 -0.00070880 0.0018811 
454  0.088618 -1.0122 0.90596 -0.014694 0.0018321 
455  0.090818 -1.0005 0.90409 -0.0014729 0.0018735 
456  0.083417 -1.0409 0.90872 -0.013051 0.0018281 
457  0.094819 -0.97984 0.89980 0.0038099 0.0018962 
458  0.087618 -1.0176 0.90669 0.00083698 0.0018856 
459  0.087017 -1.0209 0.90707 -0.0012664 0.0018701 
460  0.088218 -1.0143 0.90625 -0.013573 0.0018355 
461  0.088818 -1.0111 0.90577 -0.015087 0.0018389 
462  0.088418 -1.0133 0.90607 -0.0087949 0.0018486 
463  0.086417 -1.0241 0.90741 -0.010183 0.0018604 
464  0.089018 -1.0100 0.90558 -0.0054181 0.0018523 
465  0.088618 -1.0122 0.90596 -0.016701 0.0018309 
466  0.090018 -1.0047 0.90482 -0.0054573 0.0018660 
467  0.095219 -0.97782 0.89927 -0.0021439 0.0019109 
468  0.090018 -1.0047 0.90482 -0.0094372 0.0018391 
469  0.085417 -1.0297 0.90799 -0.0083863 0.0018588 
470  0.081816 -1.0501 0.90909 -0.0078139 0.0018404 
471  0.089418 -1.0079 0.90523 -0.010646 0.0018488 
472  0.095219 -0.97782 0.89927 0.024018 0.0019496 
473  0.086817 -1.0220 0.90715 -0.0093579 0.0018673 
474  0.088818 -1.0111 0.90577 -0.017155 0.0018277 
475  0.091218 -0.99838 0.90373 0.0046770 0.0019020 
476  0.096619 -0.97081 0.89688 0.0073382 0.0019122 
477  0.089418 -1.0079 0.90523 0.0097141 0.0019196 
478  0.082617 -1.0455 0.90895 0.0014264 0.0018708 
479  0.080416 -1.0582 0.90927 -0.013953 0.0018268 
480  0.090018 -1.0047 0.90482 -0.016332 0.0018446 
481  0.088018 -1.0154 0.90645 -0.010079 0.0018559 
482  0.087217 -1.0198 0.90695 -0.0025043 0.0018883 
483  0.098620 -0.96094 0.89402 0.0025518 0.0019258 
484  0.10322 -0.93892 0.88506 0.018733 0.0019800 
485  0.088418 -1.0133 0.90607 -0.0036764 0.0018652 
486  0.088218 -1.0143 0.90625 -0.013628 0.0018436 
487  0.083417 -1.0409 0.90872 -0.010948 0.0018310 
488  0.10302 -0.93986 0.88615 0.010569 0.0019575 
489  0.085017 -1.0319 0.90812 0.0077469 0.0019216 
490  0.086417 -1.0241 0.90741 -0.0066200 0.0018387 
491  0.086417 -1.0241 0.90741 -0.011624 0.0018421 
492  0.085417 -1.0297 0.90799 -0.014685 0.0018295 
493  0.093619 -0.98595 0.90145 0.00089349 0.0018796 
494  0.10182 -0.94553 0.88908 0.037126 0.0020738 
495  0.090418 -1.0026 0.90442 -0.0039455 0.0018833 
496  0.094019 -0.98390 0.90089 -0.0040759 0.0018637 
497  0.095419 -0.97681 0.89880 -0.0070805 0.0018467 
498  0.096219 -0.97280 0.89759 -0.010845 0.0018636 
499  0.097219 -0.96783 0.89585 -0.0079932 0.0018765 
500  0.086217 -1.0252 0.90754 -0.0069256 0.0018438 
501  0.087217 -1.0198 0.90695 -0.0066730 0.0018636 
502  0.083217 -1.0421 0.90880 -0.0062486 0.0018582 
503  0.086417 -1.0241 0.90741 -0.015056 0.0018451 
504  0.10622 -0.92502 0.87559 0.044339 0.0020889 
505  0.083817 -1.0387 0.90861 -0.0073872 0.0018504 
506  0.081416 -1.0524 0.90916 -0.0072687 0.0018527 
507  0.083417 -1.0409 0.90872 -0.018350 0.0018201 
508  0.091618 -0.99629 0.90337 0.0093896 0.0019196 
509  0.097419 -0.96684 0.89571 0.026052 0.0020095 
510  0.10202 -0.94458 0.88817 0.012709 0.0019588 
511  0.085217 -1.0308 0.90806 -0.011740 0.0018332 
512  0.082216 -1.0478 0.90903 -0.0065850 0.0018436 
513  0.086817 -1.0220 0.90715 -0.0051682 0.0018669 
514  0.090618 -1.0015 0.90428 -0.020588 0.0018205 
515  0.092418 -0.99213 0.90268 -0.011241 0.0018469 
516  0.087217 -1.0198 0.90695 -0.0073651 0.0018536 
517  0.090218 -1.0036 0.90462 -0.010543 0.0018564 
518  0.089218 -1.0090 0.90541 -0.0034964 0.0018582 
519  0.082617 -1.0455 0.90895 -0.0041255 0.0018599 
520  0.092218 -0.99316 0.90288 -0.015861 0.0018310 
521  0.091018 -0.99943 0.90392 -0.0030379 0.0018691 
522  0.094619 -0.98085 0.90012 -0.016948 0.0018323 
523  0.090618 -1.0015 0.90428 -0.0018697 0.0018698 
524  0.098420 -0.96192 0.89420 0.0064536 0.0019326 
525  0.097620 -0.96585 0.89528 -0.010410 0.0018729 
526  0.091618 -0.99629 0.90337 0.025072 0.0019740 
527  0.090818 -1.0005 0.90409 -0.013008 0.0018577 
528  0.10242 -0.94269 0.88708 0.032829 0.0020399 
529  0.089618 -1.0068 0.90508 -0.013890 0.0018309 
530  0.094619 -0.98085 0.90012 0.0070339 0.0019152 
531  0.10122 -0.94839 0.89037 0.011739 0.0019396 
532  0.086417 -1.0241 0.90741 -0.016154 0.0018235 
533  0.084817 -1.0330 0.90821 -0.010073 0.0018490 
534  0.085617 -1.0286 0.90790 -0.0058665 0.0018634 
535  0.095219 -0.97782 0.89927 0.0010615 0.0019237 
536  0.092619 -0.99109 0.90250 -0.00013213 0.0018893 
537  0.084417 -1.0353 0.90839 -0.0095885 0.0018315 
538  0.085217 -1.0308 0.90806 -0.0047296 0.0018505 
539  0.095819 -0.97480 0.89828 -0.012347 0.0018451 
540  0.087417 -1.0187 0.90686 -0.0010289 0.0018847 
541  0.093219 -0.98800 0.90185 0.0094439 0.0019129 
542  0.083017 -1.0432 0.90885 -0.014489 0.0018359 
543  0.083217 -1.0421 0.90880 -0.0087318 0.0018528 
544  0.088418 -1.0133 0.90607 -0.0011573 0.0018849 
545  0.087417 -1.0187 0.90686 -0.010059 0.0018455 
546  0.088618 -1.0122 0.90596 -0.016461 0.0018293 
547  0.093419 -0.98697 0.90165 0.0011523 0.0018920 
548  0.081016 -1.0547 0.90920 -0.0068438 0.0018533 
549  0.089418 -1.0079 0.90523 -0.0070685 0.0018644 
550  0.084017 -1.0375 0.90853 0.00071634 0.0018848 
551  0.088018 -1.0154 0.90645 0.0012440 0.0018754 
552  0.090018 -1.0047 0.90482 0.00066512 0.0018850 
553  0.088018 -1.0154 0.90645 -0.0096396 0.0018440 
554  0.092619 -0.99109 0.90250 -0.0068171 0.0018510 
555  0.082817 -1.0443 0.90889 -0.013326 0.0018358 
556  0.090018 -1.0047 0.90482 0.0093693 0.0019237 
557  0.087017 -1.0209 0.90707 -0.019415 0.0018179 
558  0.089018 -1.0100 0.90558 -0.0048229 0.0018426 
559  0.091218 -0.99838 0.90373 -0.016394 0.0018488 
560  0.088618 -1.0122 0.90596 0.0024205 0.0018814 
561  0.085817 -1.0275 0.90777 -0.0059556 0.0018559 
562  0.087818 -1.0165 0.90656 0.0015968 0.0018821 
563  0.077616 -1.0750 0.90933 -0.0042193 0.0018668 
564  0.082617 -1.0455 0.90895 -0.0099335 0.0018531 
565  0.094019 -0.98390 0.90089 0.016350 0.0019687 
566  0.080216 -1.0594 0.90930 -0.0097083 0.0018388 
567  0.093619 -0.98595 0.90145 -0.0036427 0.0018755 
568  0.093419 -0.98697 0.90165 0.00053076 0.0018877 
569  0.087618 -1.0176 0.90669 -0.010489 0.0018563 
570  0.10402 -0.93518 0.88218 0.011659 0.0019479 
571  0.091818 -0.99524 0.90325 0.0076610 0.0019349 
572  0.10002 -0.95415 0.89235 0.035460 0.0020359 
573  0.082817 -1.0443 0.90889 -0.012964 0.0018360 
574  0.087217 -1.0198 0.90695 -0.014947 0.0018393 
575  0.095619 -0.97581 0.89862 -0.0075309 0.0018703 
576  0.10162 -0.94648 0.88986 0.027785 0.0020044 
577  0.097019 -0.96882 0.89618 -0.0069823 0.0018509 
578  0.090018 -1.0047 0.90482 -0.015262 0.0018496 
579  0.088218 -1.0143 0.90625 -0.0019688 0.0018737 
580  0.094219 -0.98289 0.90060 -0.0014407 0.0018776 
581  0.085817 -1.0275 0.90777 -0.018020 0.0018153 
582  0.088218 -1.0143 0.90625 -0.0081729 0.0018554 
583  0.085617 -1.0286 0.90790 -0.0056776 0.0018484 
584  0.090218 -1.0036 0.90462 -0.0096610 0.0018674 
585  0.092619 -0.99109 0.90250 -0.0046771 0.0018814 
586  0.088218 -1.0143 0.90625 0.0018649 0.0018925 
587  0.092619 -0.99109 0.90250 0.0034987 0.0018900 
588  0.093619 -0.98595 0.90145 9.7356e-05 0.0018921 
589  0.094819 -0.97984 0.89980 0.011633 0.0019281 
590  0.085417 -1.0297 0.90799 0.0084629 0.0018921 
591  0.091218 -0.99838 0.90373 -0.016719 0.0018300 
592  0.10022 -0.95318 0.89223 0.026674 0.0020127 
593  0.084017 -1.0375 0.90853 -0.010348 0.0018553 
594  0.10162 -0.94648 0.88986 0.017073 0.0019580 
595  0.086617 -1.0230 0.90726 -7.3406e-05 0.0018793 
596  0.094619 -0.98085 0.90012 0.0041380 0.0019093 
597  0.096819 -0.96981 0.89648 0.0072177 0.0019293 
598  0.088818 -1.0111 0.90577 0.0030043 0.0019135 
599  0.096019 -0.97380 0.89795 0.00051493 0.0018913 
600  0.12082 -0.86192 0.82882 0.086439 0.0023651 
601  0.092018 -0.99420 0.90305 -0.013324 0.0018696 
602  0.091018 -0.99943 0.90392 -0.018894 0.0018360 
603  0.085017 -1.0319 0.90812 0.0030922 0.0018928 
604  0.085617 -1.0286 0.90790 -0.0053329 0.0018531 
605  0.10302 -0.93986 0.88615 0.035399 0.0020196 
606  0.092018 -0.99420 0.90305 0.0067608 0.0018864 
607  0.092619 -0.99109 0.90250 -0.018791 0.0018291 
608  0.090818 -1.0005 0.90409 0.0029248 0.0018811 
609  0.093619 -0.98595 0.90145 -0.016711 0.0018367 
610  0.084217 -1.0364 0.90847 -0.0029042 0.0018717 
611  0.092418 -0.99213 0.90268 -0.0028354 0.0018836 
612  0.10162 -0.94648 0.88986 0.027027 0.0019996 
613  0.087618 -1.0176 0.90669 -0.0092945 0.0018531 
614  0.095819 -0.97480 0.89828 -0.0013099 0.0018769 
615  0.085217 -1.0308 0.90806 -0.0051154 0.0018710 
616  0.096219 -0.97280 0.89759 0.010345 0.0019170 
617  0.090018 -1.0047 0.90482 0.00023495 0.0018929 
618  0.093819 -0.98493 0.90114 -0.0011010 0.0018873 
619  0.086217 -1.0252 0.90754 -0.0086729 0.0018397 
620  0.10322 -0.93892 0.88506 0.028488 0.0020058 
621  0.088618 -1.0122 0.90596 -0.015542 0.0018472 
622  0.10082 -0.95030 0.89116 0.0027246 0.0019081 
623  0.091818 -0.99524 0.90325 -0.0047407 0.0018551 
624  0.092819 -0.99006 0.90217 -0.011546 0.0018503 
625  0.094419 -0.98187 0.90042 -0.0060807 0.0018829 
626  0.092218 -0.99316 0.90288 -0.012608 0.0018452 
627  0.088218 -1.0143 0.90625 0.0084606 0.0019192 
628  0.092018 -0.99420 0.90305 0.012206 0.0019422 
629  0.084417 -1.0353 0.90839 0.0028990 0.0018818 
630  0.086017 -1.0264 0.90764 -0.0054894 0.0018412 
631  0.10622 -0.92502 0.87559 0.029902 0.0020227 
632  0.083217 -1.0421 0.90880 -0.017517 0.0018231 
633  0.095219 -0.97782 0.89927 -0.0052237 0.0018743 
634  0.088218 -1.0143 0.90625 -0.015631 0.0018280 
635  0.085617 -1.0286 0.90790 -0.012296 0.0018333 
636  0.095819 -0.97480 0.89828 0.00026952 0.0018952 
637  0.083617 -1.0398 0.90864 -0.013376 0.0018356 
638  0.082416 -1.0466 0.90902 -0.0064568 0.0018553 
639  0.092819 -0.99006 0.90217 -0.0026804 0.0018876 
640  0.093419 -0.98697 0.90165 0.020135 0.0019790 
641  0.084617 -1.0341 0.90833 -0.011593 0.0018375 
642  0.088418 -1.0133 0.90607 0.0078538 0.0019304 
643  0.089418 -1.0079 0.90523 -0.017079 0.0018416 
644  0.096619 -0.97081 0.89688 0.0080742 0.0019110 
645  0.090018 -1.0047 0.90482 0.0066433 0.0018955 
646  0.086617 -1.0230 0.90726 -0.00079759 0.0018704 
647  0.088018 -1.0154 0.90645 -0.0062983 0.0018647 
648  0.093619 -0.98595 0.90145 -0.0078796 0.0018512 
649  0.091218 -0.99838 0.90373 -0.0093649 0.0018525 
650  0.088218 -1.0143 0.90625 -0.010610 0.0018367 
651  0.087618 -1.0176 0.90669 -0.0069571 0.0018693 
652  0.089418 -1.0079 0.90523 0.0041860 0.0019067 
653  0.087417 -1.0187 0.90686 -0.0033720 0.0018640 
654  0.089618 -1.0068 0.90508 -0.0095012 0.0018499 
655  0.095419 -0.97681 0.89880 -0.0066747 0.0018770 
656  0.083417 -1.0409 0.90872 -0.0036703 0.0018662 
657  0.096419 -0.97180 0.89715 0.014482 0.0019291 
658  0.085817 -1.0275 0.90777 -0.0078156 0.0018649 
659  0.084617 -1.0341 0.90833 -0.018717 0.0018176 
660  0.089218 -1.0090 0.90541 -0.013329 0.0018278 
661  0.095419 -0.97681 0.89880 -0.0090756 0.0018464 
662  0.090618 -1.0015 0.90428 -0.0084665 0.0018573 
663  0.097620 -0.96585 0.89528 0.030500 0.0020040 
664  0.085617 -1.0286 0.90790 -0.0056180 0.0018826 
665  0.094819 -0.97984 0.89980 0.013718 0.0019558 
666  0.086417 -1.0241 0.90741 -0.017456 0.0018248 
667  0.090818 -1.0005 0.90409 -0.0088064 0.0018524 
668  0.085417 -1.0297 0.90799 -0.0023552 0.0018683 
669  0.090218 -1.0036 0.90462 -0.015492 0.0018434 
670  0.086217 -1.0252 0.90754 -0.0079214 0.0018677 
671  0.080216 -1.0594 0.90930 -0.0087209 0.0018376 
672  0.087017 -1.0209 0.90707 -0.015575 0.0018304 
673  0.092619 -0.99109 0.90250 -0.00087016 0.0018755 
674  0.084617 -1.0341 0.90833 -0.0065367 0.0018669 
675  0.093019 -0.98903 0.90197 0.0011624 0.0018852 
676  0.090818 -1.0005 0.90409 0.019258 0.0019564 
677  0.089218 -1.0090 0.90541 -0.0061066 0.0018641 
678  0.085817 -1.0275 0.90777 -0.014371 0.0018264 
679  0.089618 -1.0068 0.90508 -0.021267 0.0018284 
680  0.086417 -1.0241 0.90741 -0.0080570 0.0018426 
681  0.094619 -0.98085 0.90012 -0.00084706 0.0018967 
682  0.085817 -1.0275 0.90777 0.0059452 0.0018980 
683  0.081416 -1.0524 0.90916 -0.0074851 0.0018541 
684  0.092218 -0.99316 0.90288 -0.0017523 0.0018801 
685  0.088818 -1.0111 0.90577 -0.0098561 0.0018475 
686  0.086417 -1.0241 0.90741 -0.011367 0.0018393 
687  0.099020 -0.95899 0.89354 -0.013657 0.0018481 
688  0.089618 -1.0068 0.90508 -0.012539 0.0018516 
689  0.094419 -0.98187 0.90042 -0.0094692 0.0018660 
690  0.085617 -1.0286 0.90790 0.012868 0.0019347 
691  0.10182 -0.94553 0.88908 0.012585 0.0019580 
692  0.091418 -0.99733 0.90355 -0.0076849 0.0018654 
693  0.088418 -1.0133 0.90607 -0.011236 0.0018426 
694  0.16043 -0.71876 0.79526 0.17145 0.0028444 
695  0.086817 -1.0220 0.90715 -0.012699 0.0018423 
696  0.095019 -0.97883 0.89954 0.0024990 0.0019057 
697  0.083417 -1.0409 0.90872 0.0035213 0.0018949 
698  0.095019 -0.97883 0.89954 0.0067119 0.0019093 
699  0.088218 -1.0143 0.90625 -0.0014025 0.0018920 
700  0.090618 -1.0015 0.90428 -0.012140 0.0018443 
701  0.086617 -1.0230 0.90726 -0.0066932 0.0018536 
702  0.086217 -1.0252 0.90754 -0.013862 0.0018362 
703  0.084617 -1.0341 0.90833 0.0098827 0.0019306 
704  0.092619 -0.99109 0.90250 0.011227 0.0019110 
705  0.089818 -1.0058 0.90493 -0.0077534 0.0018389 
706  0.090218 -1.0036 0.90462 0.0059191 0.0019196 
707  0.086817 -1.0220 0.90715 -0.0020222 0.0018671 
708  0.088418 -1.0133 0.90607 -0.016155 0.0018224 
709  0.091418 -0.99733 0.90355 -0.012021 0.0018567 
710  0.087618 -1.0176 0.90669 -0.014208 0.0018349 
711  0.087017 -1.0209 0.90707 -0.019337 0.0018151 
712  0.095819 -0.97480 0.89828 0.0021182 0.0019076 
713  0.080616 -1.0571 0.90925 -0.0021491 0.0018627 
714  0.086617 -1.0230 0.90726 -0.020685 0.0018196 
715  0.091018 -0.99943 0.90392 -0.012021 0.0018404 
716  0.085817 -1.0275 0.90777 -0.011395 0.0018382 
717  0.085217 -1.0308 0.90806 -0.015878 0.0018230 
718  0.087017 -1.0209 0.90707 0.00092990 0.0018908 
719  0.074615 -1.0935 0.90935 -0.0092886 0.0018367 
720  0.094819 -0.97984 0.89980 -0.0025453 0.0018767 
721  0.10022 -0.95318 0.89223 -0.0014028 0.0018915 
722  0.094819 -0.97984 0.89980 -0.0083670 0.0018564 
723  0.092418 -0.99213 0.90268 -0.0053492 0.0018726 
724  0.081216 -1.0536 0.90918 -0.0041337 0.0018631 
725  0.091018 -0.99943 0.90392 -0.0067177 0.0018630 
726  0.084817 -1.0330 0.90821 0.0039751 0.0018694 
727  0.091018 -0.99943 0.90392 -0.0066299 0.0018655 
728  0.084817 -1.0330 0.90821 -0.015964 0.0018234 
729  0.080816 -1.0559 0.90923 -0.014648 0.0018290 
730  0.085617 -1.0286 0.90790 -0.014130 0.0018349 
731  0.085017 -1.0319 0.90812 -0.0091710 0.0018479 
732  0.089218 -1.0090 0.90541 0.017218 0.0019353 
733  0.10282 -0.94080 0.88647 0.0088602 0.0019097 
734  0.095019 -0.97883 0.89954 0.0089019 0.0019134 
735  0.090218 -1.0036 0.90462 0.0044320 0.0019085 
736  0.090418 -1.0026 0.90442 -0.0092586 0.0018531 
737  0.085817 -1.0275 0.90777 -0.010729 0.0018520 
738  0.084817 -1.0330 0.90821 -0.012617 0.0018400 
739  0.094619 -0.98085 0.90012 -0.011258 0.0018510 
740  0.090218 -1.0036 0.90462 -0.0076118 0.0018605 
741  0.089818 -1.0058 0.90493 0.0017292 0.0019055 
742  0.10262 -0.94174 0.88678 0.034745 0.0020179 
743  0.093819 -0.98493 0.90114 -0.0012213 0.0018654 
744  0.084617 -1.0341 0.90833 -0.012466 0.0018445 
745  0.082416 -1.0466 0.90902 -0.015383 0.0018411 
746  0.091018 -0.99943 0.90392 0.022637 0.0019763 
747  0.087017 -1.0209 0.90707 -0.0073493 0.0018529 
748  0.091018 -0.99943 0.90392 -0.0048408 0.0018752 
749  0.088018 -1.0154 0.90645 -0.015974 0.0018501 
750  0.084017 -1.0375 0.90853 -0.017674 0.0018195 
751  0.095219 -0.97782 0.89927 -0.0073070 0.0018663 
752  0.092619 -0.99109 0.90250 0.017153 0.0019950 
753  0.089218 -1.0090 0.90541 0.00039930 0.0018843 
754  0.089618 -1.0068 0.90508 -0.013407 0.0018462 
755  0.084417 -1.0353 0.90839 -0.0061176 0.0018572 
756  0.091418 -0.99733 0.90355 -0.0039552 0.0018686 
757  0.086617 -1.0230 0.90726 0.00051028 0.0018777 
758  0.089418 -1.0079 0.90523 0.019566 0.0019450 
759  0.094419 -0.98187 0.90042 -0.0016854 0.0019040 
760  0.087417 -1.0187 0.90686 -0.0055794 0.0018606 
761  0.088818 -1.0111 0.90577 -0.015759 0.0018336 
762  0.10322 -0.93892 0.88506 0.034126 0.0020477 
763  0.087417 -1.0187 0.90686 -0.0037616 0.0018744 
764  0.096219 -0.97280 0.89759 0.0072149 0.0018966 
765  0.083417 -1.0409 0.90872 -0.0068622 0.0018436 
766  0.089218 -1.0090 0.90541 -0.0086998 0.0018546 
767  0.093019 -0.98903 0.90197 0.027017 0.0019757 
768  0.081416 -1.0524 0.90916 -0.012783 0.0018370 
769  0.094419 -0.98187 0.90042 -0.00083708 0.0018885 
770  0.081016 -1.0547 0.90920 -0.013304 0.0018335 
771  0.089818 -1.0058 0.90493 0.016218 0.0019413 
772  0.089818 -1.0058 0.90493 -0.0057584 0.0018609 
773  0.086217 -1.0252 0.90754 -0.013725 0.0018350 
774  0.093219 -0.98800 0.90185 -0.015689 0.0018431 
775  0.088618 -1.0122 0.90596 -0.014616 0.0018357 
776  0.085817 -1.0275 0.90777 -0.0079800 0.0018532 
777  0.10482 -0.93146 0.87771 0.031816 0.0020356 
778  0.080416 -1.0582 0.90927 -0.020469 0.0018229 
779  0.098020 -0.96388 0.89464 -0.0080893 0.0018607 
780  0.089818 -1.0058 0.90493 -0.0030696 0.0018761 
781  0.090418 -1.0026 0.90442 -0.013231 0.0018448 
782  0.093819 -0.98493 0.90114 -0.0061419 0.0018709 
783  0.094219 -0.98289 0.90060 0.036872 0.0020319 
784  0.087618 -1.0176 0.90669 0.010290 0.0019231 
785  0.092619 -0.99109 0.90250 0.0015747 0.0019079 
786  0.087818 -1.0165 0.90656 -0.017171 0.0018198 
787  0.087417 -1.0187 0.90686 0.0032029 0.0019119 
788  0.092218 -0.99316 0.90288 -0.0050389 0.0018633 
789  0.10082 -0.95030 0.89116 0.0021164 0.0019090 
790  0.088218 -1.0143 0.90625 -0.0013436 0.0018728 
791  0.083817 -1.0387 0.90861 -0.014518 0.0018292 
792  0.10442 -0.93332 0.88094 0.010984 0.0019656 
793  0.091018 -0.99943 0.90392 -0.0024168 0.0018771 
794  0.092218 -0.99316 0.90288 -0.0066243 0.0018613 
795  0.086417 -1.0241 0.90741 -0.0052471 0.0018537 
796  0.090818 -1.0005 0.90409 -0.0096418 0.0018516 
797  0.088218 -1.0143 0.90625 -0.0010872 0.0018836 
798  0.091818 -0.99524 0.90325 -0.013768 0.0018536 
799  0.099220 -0.95802 0.89324 0.011034 0.0019461 
800  0.091618 -0.99629 0.90337 -0.010732 0.0018456 
801  0.089618 -1.0068 0.90508 -0.0064197 0.0018857 
802  0.11562 -0.88359 0.83993 0.073984 0.0023387 
803  0.088218 -1.0143 0.90625 -0.017417 0.0018328 
804  0.089018 -1.0100 0.90558 -0.0023415 0.0018774 
805  0.089418 -1.0079 0.90523 0.00087684 0.0018973 
806  0.090018 -1.0047 0.90482 0.0085016 0.0019109 
807  0.088018 -1.0154 0.90645 -0.0093689 0.0018436 
808  0.094619 -0.98085 0.90012 0.016286 0.0019673 
809  0.088818 -1.0111 0.90577 -0.012057 0.0018497 
810  0.092218 -0.99316 0.90288 -0.0052886 0.0018694 
811  0.098820 -0.95997 0.89393 0.025031 0.0020227 
812  0.088018 -1.0154 0.90645 -0.012597 0.0018490 
813  0.091618 -0.99629 0.90337 -0.016081 0.0018386 
814  0.093419 -0.98697 0.90165 -0.0014567 0.0018721 
815  0.089218 -1.0090 0.90541 -0.0042243 0.0018736 
816  0.086017 -1.0264 0.90764 -0.0090344 0.0018558 
817  0.089218 -1.0090 0.90541 -0.0062782 0.0018668 
818  0.10202 -0.94458 0.88817 0.028287 0.0019903 
819  0.092018 -0.99420 0.90305 0.018862 0.0019438 
820  0.092619 -0.99109 0.90250 -0.00061709 0.0018901 
821  0.094019 -0.98390 0.90089 0.00040694 0.0018802 
822  0.087618 -1.0176 0.90669 -0.010143 0.0018437 
823  0.091618 -0.99629 0.90337 0.0093916 0.0019166 
824  0.090818 -1.0005 0.90409 -0.0075464 0.0018722 
825  0.088018 -1.0154 0.90645 -0.013611 0.0018442 
826  0.095619 -0.97581 0.89862 0.0054341 0.0019222 
827  0.093219 -0.98800 0.90185 0.012251 0.0019441 
828  0.088618 -1.0122 0.90596 0.0016503 0.0018863 
829  0.090218 -1.0036 0.90462 -0.011522 0.0018557 
830  0.10722 -0.92046 0.86743 0.040647 0.0020572 
831  0.097219 -0.96783 0.89585 0.019931 0.0019605 
832  0.089218 -1.0090 0.90541 -0.019301 0.0018396 
833  0.087417 -1.0187 0.90686 -0.010179 0.0018502 
834  0.086817 -1.0220 0.90715 -0.0073975 0.0018575 
835  0.083817 -1.0387 0.90861 -0.014777 0.0018334 
836  0.088618 -1.0122 0.90596 -0.017820 0.0018339 
837  0.085017 -1.0319 0.90812 -0.0019908 0.0018784 
838  0.086417 -1.0241 0.90741 0.0018331 0.0018743 
839  0.092418 -0.99213 0.90268 0.00056982 0.0018794 
840  0.084617 -1.0341 0.90833 -0.0048811 0.0018611 
841  0.089018 -1.0100 0.90558 -0.0052384 0.0018817 
842  0.092619 -0.99109 0.90250 0.00041014 0.0019081 
843  0.099020 -0.95899 0.89354 0.035934 0.0021028 
844  0.093419 -0.98697 0.90165 0.0076244 0.0019194 
845  0.083017 -1.0432 0.90885 -0.017219 0.0018298 
846  0.088218 -1.0143 0.90625 -0.0069785 0.0018576 
847  0.089218 -1.0090 0.90541 0.00065385 0.0018802 
848  0.080616 -1.0571 0.90925 -0.0077611 0.0018553 
849  0.084217 -1.0364 0.90847 -0.013296 0.0018299 
850  0.091418 -0.99733 0.90355 -0.0050611 0.0018622 
851  0.083217 -1.0421 0.90880 -0.010812 0.0018428 
852  0.096219 -0.97280 0.89759 0.0029749 0.0019116 
853  0.10962 -0.90968 0.86191 0.030265 0.0020183 
854  0.095019 -0.97883 0.89954 -0.0078983 0.0018744 
855  0.086217 -1.0252 0.90754 -0.0074581 0.0018555 
856  0.083417 -1.0409 0.90872 -0.010768 0.0018367 
857  0.086217 -1.0252 0.90754 -0.012018 0.0018440 
858  0.098420 -0.96192 0.89420 0.0057551 0.0019204 
859  0.086617 -1.0230 0.90726 -0.0041665 0.0018626 
860  0.094219 -0.98289 0.90060 -0.011073 0.0018583 
861  0.087417 -1.0187 0.90686 -0.015762 0.0018393 
862  0.085617 -1.0286 0.90790 -0.013330 0.0018312 
863  0.092819 -0.99006 0.90217 0.0059201 0.0019283 
864  0.098020 -0.96388 0.89464 -0.0030706 0.0018840 
865  0.093419 -0.98697 0.90165 0.015837 0.0019455 
866  0.092619 -0.99109 0.90250 -0.0042619 0.0018578 
867  0.087217 -1.0198 0.90695 0.0052759 0.0019011 
868  0.081616 -1.0512 0.90910 0.0071216 0.0018918 
869  0.084617 -1.0341 0.90833 0.0038682 0.0018971 
870  0.092418 -0.99213 0.90268 0.0014827 0.0018855 
871  0.091418 -0.99733 0.90355 -0.00055679 0.0019375 
872  0.092819 -0.99006 0.90217 -0.017439 0.0018326 
873  0.094019 -0.98390 0.90089 -0.012762 0.0018559 
874  0.083817 -1.0387 0.90861 -0.0098931 0.0018547 
875  0.086217 -1.0252 0.90754 0.0037200 0.0018757 
876  0.089418 -1.0079 0.90523 -0.0074714 0.0018660 
877  0.084817 -1.0330 0.90821 -0.0082381 0.0018653 
878  0.086217 -1.0252 0.90754 -0.0082356 0.0018626 
879  0.088018 -1.0154 0.90645 -0.021051 0.0018165 
880  0.088218 -1.0143 0.90625 -0.0087030 0.0018458 
881  0.088418 -1.0133 0.90607 -0.013818 0.0018292 
882  0.092018 -0.99420 0.90305 -0.0058566 0.0018676 
883  0.088818 -1.0111 0.90577 0.00062506 0.0019064 
884  0.087818 -1.0165 0.90656 0.0032007 0.0018933 
885  0.089218 -1.0090 0.90541 0.00091162 0.0018858 
886  0.088818 -1.0111 0.90577 -0.012977 0.0018437 
887  0.088618 -1.0122 0.90596 -0.0063538 0.0018533 
888  0.086217 -1.0252 0.90754 0.00092996 0.0018872 
889  0.089018 -1.0100 0.90558 -0.0047924 0.0018593 
890  0.091218 -0.99838 0.90373 -0.0081501 0.0018508 
891  0.095819 -0.97480 0.89828 -0.0065603 0.0018964 
892  0.085817 -1.0275 0.90777 -0.0051705 0.0018590 
893  0.099820 -0.95511 0.89269 0.023896 0.0020051 
894  0.092218 -0.99316 0.90288 -0.010650 0.0018505 
895  0.092218 -0.99316 0.90288 0.0046837 0.0018999 
896  0.086017 -1.0264 0.90764 -0.022522 0.0018171 
897  0.088818 -1.0111 0.90577 -0.0079754 0.0018883 
898  0.093619 -0.98595 0.90145 7.9793e-05 0.0019058 
899  0.093619 -0.98595 0.90145 -0.0046972 0.0018681 
900  0.096619 -0.97081 0.89688 -0.0018610 0.0018780 
901  0.093219 -0.98800 0.90185 0.0019016 0.0018904 
902  0.086017 -1.0264 0.90764 0.014150 0.0019248 
903  0.086617 -1.0230 0.90726 -0.019135 0.0018333 
904  0.088818 -1.0111 0.90577 -0.0016690 0.0018865 
905  0.082617 -1.0455 0.90895 -0.018018 0.0018198 
906  0.091418 -0.99733 0.90355 -0.010556 0.0018572 
907  0.15443 -0.73841 0.81203 0.15796 0.0028463 
908  0.084017 -1.0375 0.90853 -0.012448 0.0018438 
909  0.089418 -1.0079 0.90523 0.016064 0.0019266 
910  0.086417 -1.0241 0.90741 -0.0072942 0.0018511 
911  0.089418 -1.0079 0.90523 0.00068330 0.0018845 
912  0.089018 -1.0100 0.90558 -0.00038660 0.0018739 
913  0.092619 -0.99109 0.90250 -0.00082299 0.0018707 
914  0.086417 -1.0241 0.90741 -0.013902 0.0018381 
915  0.089018 -1.0100 0.90558 -0.018943 0.0018264 
916  0.085217 -1.0308 0.90806 -0.0015557 0.0018683 
917  0.084417 -1.0353 0.90839 -0.0099733 0.0018402 
918  0.095819 -0.97480 0.89828 -0.00072301 0.0018806 
919  0.088418 -1.0133 0.90607 -0.0091190 0.0018432 
920  0.088018 -1.0154 0.90645 -0.016088 0.0018226 
921  0.085617 -1.0286 0.90790 -0.0036868 0.0018688 
922  0.088218 -1.0143 0.90625 -0.017793 0.0018319 
923  0.089018 -1.0100 0.90558 0.0065736 0.0018867 
924  0.091218 -0.99838 0.90373 -0.011910 0.0018519 
925  0.095219 -0.97782 0.89927 0.013957 0.0019319 
926  0.083617 -1.0398 0.90864 -0.0013146 0.0018701 
927  0.094419 -0.98187 0.90042 -0.0038757 0.0018849 
928  0.092819 -0.99006 0.90217 0.010891 0.0019550 
929  0.093019 -0.98903 0.90197 0.0036488 0.0018955 
930  0.086817 -1.0220 0.90715 0.0023122 0.0018995 
931  0.092018 -0.99420 0.90305 0.0093313 0.0019035 
932  0.080816 -1.0559 0.90923 -0.0095058 0.0018327 
933  0.092819 -0.99006 0.90217 0.011093 0.0019238 
934  0.087818 -1.0165 0.90656 -0.0059905 0.0018556 
935  0.084617 -1.0341 0.90833 -0.0089168 0.0018526 
936  0.089418 -1.0079 0.90523 -0.014174 0.0018493 
937  0.094819 -0.97984 0.89980 0.030957 0.0020223 
938  0.092418 -0.99213 0.90268 -0.012012 0.0018494 
939  0.094619 -0.98085 0.90012 0.011183 0.0019222 
940  0.083817 -1.0387 0.90861 -0.012232 0.0018426 
941  0.095219 -0.97782 0.89927 0.017252 0.0019380 
942  0.087618 -1.0176 0.90669 -0.015508 0.0018229 
943  0.093219 -0.98800 0.90185 -0.0041975 0.0018692 
944  0.10582 -0.92685 0.87668 0.031295 0.0020266 
945  0.095019 -0.97883 0.89954 0.011345 0.0019345 
946  0.10202 -0.94458 0.88817 0.024575 0.0019975 
947  0.086417 -1.0241 0.90741 -0.020549 0.0018193 
948  0.090818 -1.0005 0.90409 -0.017505 0.0018430 
949  0.092418 -0.99213 0.90268 -0.0089053 0.0018593 
950  0.088218 -1.0143 0.90625 -0.0036528 0.0018828 
951  0.10622 -0.92502 0.87559 0.039926 0.0020408 
952  0.090418 -1.0026 0.90442 -0.0089666 0.0018576 
953  0.086217 -1.0252 0.90754 -0.0049399 0.0018542 
954  0.095219 -0.97782 0.89927 0.0039252 0.0019059 
955  0.086217 -1.0252 0.90754 0.0032857 0.0019075 
956  0.089818 -1.0058 0.90493 0.0095969 0.0019267 
957  0.084817 -1.0330 0.90821 -0.011712 0.0018362 
958  0.084017 -1.0375 0.90853 -0.017206 0.0018321 
959  0.088818 -1.0111 0.90577 0.0047014 0.0018944 
960  0.086217 -1.0252 0.90754 -0.0074375 0.0018492 
961  0.082617 -1.0455 0.90895 -0.0099412 0.0018516 
962  0.092619 -0.99109 0.90250 -0.0077647 0.0018681 
963  0.089418 -1.0079 0.90523 -0.0065025 0.0018730 
964  0.091218 -0.99838 0.90373 -0.0078086 0.0018529 
965  0.090418 -1.0026 0.90442 -0.0098155 0.0018488 
966  0.091018 -0.99943 0.90392 0.0019211 0.0018866 
967  0.097820 -0.96487 0.89481 0.0042119 0.0018947 
968  0.097419 -0.96684 0.89571 0.026772 0.0020243 
969  0.093019 -0.98903 0.90197 -0.013860 0.0018458 
970  0.085817 -1.0275 0.90777 -0.0049785 0.0018665 
971  0.097820 -0.96487 0.89481 -0.0049918 0.0018787 
972  0.088018 -1.0154 0.90645 0.0026769 0.0018922 
973  0.10022 -0.95318 0.89223 0.022086 0.0020064 
974  0.093619 -0.98595 0.90145 0.0042214 0.0018798 
975  0.096819 -0.96981 0.89648 0.027818 0.0019981 
976  0.094419 -0.98187 0.90042 -0.0026336 0.0018749 
977  0.087818 -1.0165 0.90656 -0.00019838 0.0018810 
978  0.078816 -1.0677 0.90932 0.0012483 0.0018695 
979  0.089018 -1.0100 0.90558 -0.019172 0.0018268 
980  0.096019 -0.97380 0.89795 0.00075975 0.0018972 
981  0.086017 -1.0264 0.90764 -0.0021872 0.0018697 
982  0.092018 -0.99420 0.90305 0.0090181 0.0019305 
983  0.084217 -1.0364 0.90847 -0.0061014 0.0018498 
984  0.086817 -1.0220 0.90715 -0.0028822 0.0018752 
985  0.090218 -1.0036 0.90462 -0.0042474 0.0018797 
986  0.089018 -1.0100 0.90558 -0.0025142 0.0018610 
987  0.095419 -0.97681 0.89880 0.0077249 0.0019332 
988  0.095819 -0.97480 0.89828 0.019871 0.0019590 
989  0.086617 -1.0230 0.90726 -0.018343 0.0018192 
990  0.090618 -1.0015 0.90428 -0.015295 0.0018466 
991  0.089018 -1.0100 0.90558 -0.013827 0.0018396 
992  0.087217 -1.0198 0.90695 -0.0057516 0.0018714 
993  0.089618 -1.0068 0.90508 0.012232 0.0019569 
994  0.084617 -1.0341 0.90833 -0.010914 0.0018471 
995  0.087818 -1.0165 0.90656 0.0066874 0.0019090 
996  0.082416 -1.0466 0.90902 -0.0054335 0.0018523 
997  0.084217 -1.0364 0.90847 -0.0090001 0.0018605 
998  0.090618 -1.0015 0.90428 0.0075082 0.0019102 
999  0.090418 -1.0026 0.90442 -0.020062 0.0018259 
1000  0.093019 -0.98903 0.90197 -0.010844 0.0018487 
1001  0.092819 -0.99006 0.90217 -0.0083539 0.0018691 
1002  0.087618 -1.0176 0.90669 0.00025542 0.0018851 
1003  0.096019 -0.97380 0.89795 0.017274 0.0019470 
1004  0.089018 -1.0100 0.90558 -0.0085892 0.0018461 
1005  0.088418 -1.0133 0.90607 -0.0091651 0.0018500 
1006  0.091618 -0.99629 0.90337 -0.0071249 0.0018665 
1007  0.092218 -0.99316 0.90288 -0.0062309 0.0018620 
1008  0.083217 -1.0421 0.90880 0.0062397 0.0018923 
1009  0.10382 -0.93611 0.88326 0.045594 0.0021105 
1010  0.096819 -0.96981 0.89648 -0.0050808 0.0018776 
1011  0.091418 -0.99733 0.90355 -0.0012418 0.0018807 
1012  0.090018 -1.0047 0.90482 -0.0075508 0.0018491 
1013  0.081816 -1.0501 0.90909 -0.015335 0.0018143 
1014  0.089018 -1.0100 0.90558 -0.0079708 0.0018526 
1015  0.087417 -1.0187 0.90686 -0.017264 0.0018157 
1016  0.093819 -0.98493 0.90114 0.0032140 0.0019032 
1017  0.095019 -0.97883 0.89954 -0.0077158 0.0018726 
1018  0.086417 -1.0241 0.90741 0.0064518 0.0019105 
1019  0.090418 -1.0026 0.90442 -0.0025994 0.0018657 
1020  0.085417 -1.0297 0.90799 -0.0081005 0.0018568 
1021  0.085817 -1.0275 0.90777 -0.00029750 0.0018502 
1022  0.088818 -1.0111 0.90577 -0.017890 0.0018350 
1023  0.088018 -1.0154 0.90645 -0.017845 0.0018266 
1024  0.088018 -1.0154 0.90645 -0.0040067 0.0018846 
1025  0.099820 -0.95511 0.89269 0.024587 0.0019751 
1026  0.097419 -0.96684 0.89571 -0.0016022 0.0018747 
1027  0.087217 -1.0198 0.90695 -0.026791 0.0018118 
1028  0.098820 -0.95997 0.89393 0.026627 0.0019952 
1029  0.088218 -1.0143 0.90625 -0.015622 0.0018453 
1030  0.097419 -0.96684 0.89571 0.035242 0.0020742 
1031  0.092018 -0.99420 0.90305 -0.0034532 0.0018727 
1032  0.086617 -1.0230 0.90726 -0.012509 0.0018201 
1033  0.10462 -0.93239 0.87948 0.0016671 0.0019073 
1034  0.091818 -0.99524 0.90325 0.013831 0.0019463 
1035  0.084017 -1.0375 0.90853 0.0012075 0.0018655 
1036  0.086017 -1.0264 0.90764 -0.00084021 0.0018715 
1037  0.081416 -1.0524 0.90916 -0.010292 0.0018410 
1038  0.082617 -1.0455 0.90895 -0.012836 0.0018294 
1039  0.090618 -1.0015 0.90428 -0.0041895 0.0018651 
1040  0.085417 -1.0297 0.90799 -0.0049088 0.0018604 
1041  0.088418 -1.0133 0.90607 -0.0035387 0.0018958 
1042  0.085217 -1.0308 0.90806 -0.0076124 0.0018452 
1043  0.093419 -0.98697 0.90165 -0.012064 0.0018458 
1044  0.097620 -0.96585 0.89528 0.0012360 0.0018976 
1045  0.094219 -0.98289 0.90060 -0.015969 0.0018403 
1046  0.087417 -1.0187 0.90686 -0.012430 0.0018384 
1047  0.092218 -0.99316 0.90288 -0.0053514 0.0018729 
1048  0.24905 -0.47932 0.75095 0.40151 0.0046802 
1049  0.091218 -0.99838 0.90373 0.0072422 0.0019092 
1050  0.092018 -0.99420 0.90305 0.0019084 0.0018973 
1051  0.083217 -1.0421 0.90880 0.0035199 0.0018714 
1052  0.085617 -1.0286 0.90790 0.0038158 0.0018848 
1053  0.097019 -0.96882 0.89618 0.025790 0.0019756 
1054  0.093219 -0.98800 0.90185 -0.019905 0.0018201 
1055  0.085817 -1.0275 0.90777 -0.013873 0.0018419 
1056  0.082817 -1.0443 0.90889 -0.0086726 0.0018543 
1057  0.095019 -0.97883 0.89954 0.0076724 0.0019212 
1058  0.095219 -0.97782 0.89927 0.021192 0.0019896 
1059  0.082416 -1.0466 0.90902 -0.0040072 0.0018602 
1060  0.084217 -1.0364 0.90847 -0.019621 0.0018118 
1061  0.095419 -0.97681 0.89880 0.0015836 0.0019044 
1062  0.092619 -0.99109 0.90250 0.0021566 0.0018876 
1063  0.092619 -0.99109 0.90250 -0.0071793 0.0018724 
1064  0.091418 -0.99733 0.90355 0.011505 0.0019068 
1065  0.088818 -1.0111 0.90577 -0.0055515 0.0018605 
1066  0.085217 -1.0308 0.90806 -0.010769 0.0018392 
1067  0.096019 -0.97380 0.89795 0.010787 0.0019189 
1068  0.088218 -1.0143 0.90625 0.0028198 0.0018807 
1069  0.093619 -0.98595 0.90145 0.00033659 0.0018906 
1070  0.10422 -0.93425 0.88159 0.045653 0.0020580 
