NPOP08	NPREBOT	NBOT	TBOT	TLEN	NANC	RANC	MaxEstLhood	MaxObsLhood
18060	36002	453	10	3	2938	-2.78427e-04	-3684.327	-2785.610
33369	84137	6192	10	1	6037	-2.92727e-04	-3741.794	-2810.607
62406	67290	6345	8	1	2877	-3.50252e-04	-3610.958	-2783.765
69691	67215	9334	10	1	3174	-3.39212e-04	-3647.107	-2813.882
17271	95127	1913	7	3	5200	-3.22950e-04	-3701.798	-2792.195
69781	69183	7401	8	3	4489	-3.03903e-04	-3692.313	-2821.592
62406	67290	1759	7	2	4697	-2.95788e-04	-3721.290	-2806.840
70073	60143	4204	8	1	3368	-3.20267e-04	-3690.333	-2826.736
27912	68211	697	7	2	4660	-2.98177e-04	-3749.060	-2831.948
44987	53571	1750	8	2	3218	-3.12472e-04	-3673.690	-2793.991
65971	77534	8407	10	2	6522	-2.75059e-04	-3731.668	-2819.191
14853	63537	1249	8	2	3379	-3.26005e-04	-3704.385	-2797.678
47575	81481	1923	7	1	4986	-3.10415e-04	-3653.458	-2799.524
20987	63555	2605	9	1	2946	-3.41273e-04	-3646.527	-2815.126
62406	67214	9738	10	3	4828	-2.92605e-04	-3805.535	-2828.183
74721	67290	8519	8	1	2877	-3.50252e-04	-3686.840	-2803.576
26857	73069	4728	9	2	3559	-3.35769e-04	-3739.699	-2845.093
41955	75115	3543	8	2	3596	-3.37689e-04	-3683.565	-2808.157
20088	88325	1432	8	1	6051	-2.97867e-04	-3742.131	-2817.531
86017	34512	512	7	1	1490	-3.49170e-04	-3682.883	-2801.896
39696	71431	8451	10	2	4158	-3.15966e-04	-3761.095	-2853.009
39835	78405	7689	9	2	4125	-3.27202e-04	-3691.062	-2809.570
86523	99802	19911	7	2	6299	-3.06977e-04	-3734.899	-2837.992
78567	106873	7695	7	1	5629	-3.27079e-04	-3716.300	-2836.644
53310	31762	1119	9	1	2140	-2.99718e-04	-3718.302	-2814.871
28923	34095	608	10	1	2201	-3.04471e-04	-3674.545	-2780.492
48065	87620	4226	9	1	6948	-2.81617e-04	-3728.320	-2805.293
17648	75031	968	7	1	4317	-3.17260e-04	-3751.502	-2842.317
21859	62619	1298	8	2	3027	-3.36611e-04	-3669.773	-2780.882
83594	60143	2925	8	2	3474	-3.16824e-04	-3658.555	-2774.138
20416	40198	585	8	3	1826	-3.43521e-04	-3647.414	-2787.695
23181	55127	1297	8	1	2943	-3.25579e-04	-3697.420	-2832.793
50832	44094	841	8	2	2891	-3.02747e-04	-3707.837	-2795.559
35961	57742	1760	8	1	3193	-3.21669e-04	-3695.150	-2805.918
60727	33588	1277	9	2	1764	-3.27398e-04	-3637.442	-2804.469
50176	67290	9334	9	1	2877	-3.50252e-04	-3709.510	-2838.462
16255	79723	1535	7	2	5337	-3.00433e-04	-3749.273	-2849.655
15352	118634	3854	8	1	6955	-3.15176e-04	-3732.568	-2844.686
20110	67060	2271	7	1	3423	-3.30563e-04	-3718.796	-2841.851
32894	25696	887	10	2	1383	-3.24676e-04	-3712.258	-2798.169
69690	84137	8518	8	2	5167	-3.10017e-04	-3648.330	-2801.907
52531	20068	431	9	2	1058	-3.26972e-04	-3703.827	-2827.225
31176	53161	1171	8	3	3160	-3.13639e-04	-3713.191	-2814.279
47150	33965	1004	9	1	2047	-3.12106e-04	-3658.615	-2774.767
27822	62849	2383	8	1	3221	-3.30116e-04	-3645.363	-2780.788
87344	50654	3293	9	2	2613	-3.29391e-04	-3592.330	-2749.928
12433	15420	271	13	1	935	-3.11430e-04	-3744.437	-2833.673
10617	47989	552	9	3	2516	-3.27589e-04	-3660.656	-2804.810
14993	39387	866	10	3	2253	-3.17908e-04	-3763.434	-2825.807
25086	60625	1068	8	3	4459	-2.89976e-04	-3723.378	-2810.607
21695	70597	2996	9	2	3995	-3.19105e-04	-3663.253	-2828.051
40450	84795	6855	7	1	4249	-3.32617e-04	-3722.347	-2842.990
22369	80409	1340	7	2	5011	-3.08388e-04	-3759.823	-2833.378
62406	60210	2585	9	1	3520	-3.15486e-04	-3669.396	-2806.231
14765	96531	2233	7	2	5360	-3.21211e-04	-3675.750	-2788.222
51184	87376	11150	8	2	5372	-3.09891e-04	-3741.356	-2814.798
39982	30737	1513	11	1	2379	-2.84310e-04	-3751.323	-2822.707
22063	35023	351	8	2	1930	-3.22054e-04	-3669.218	-2824.320
11820	72596	944	8	1	5299	-2.90821e-04	-3771.170	-2797.969
21180	69783	1414	7	1	3487	-3.32928e-04	-3707.586	-2818.486
54717	87620	3597	7	1	6204	-2.94202e-04	-3665.086	-2783.582
7359	85588	1131	8	2	3746	-3.47651e-04	-3692.169	-2820.679
16931	87905	3513	8	1	5300	-3.12061e-04	-3674.358	-2800.182
83594	67290	6937	8	1	2877	-3.50252e-04	-3672.471	-2802.050
50175	46762	2211	11	2	3086	-3.02022e-04	-3671.222	-2790.854
48573	33795	1431	9	1	1566	-3.41310e-04	-3648.655	-2791.427
74721	67290	9335	9	1	2877	-3.50252e-04	-3668.063	-2807.800
36834	72407	2168	8	4	4105	-3.18900e-04	-3686.469	-2809.275
24341	49891	1308	9	2	3077	-3.09543e-04	-3730.221	-2817.303
58221	20365	265	9	2	1346	-3.01853e-04	-3727.908	-2812.857
29300	60210	1894	9	2	3506	-3.15929e-04	-3752.351	-2832.467
50564	37246	1133	10	1	2408	-3.04305e-04	-3702.995	-2791.028
28446	72673	2024	9	1	4489	-3.09371e-04	-3640.838	-2787.030
27531	95468	6888	9	1	5400	-3.19155e-04	-3737.775	-2835.888
29830	30184	632	10	1	2220	-2.89978e-04	-3734.945	-2805.905
15571	90305	830	7	2	6900	-2.85741e-04	-3780.387	-2832.426
24568	84134	3304	8	3	4331	-3.29624e-04	-3707.551	-2835.722
33627	94241	5671	8	1	5987	-3.06252e-04	-3751.812	-2835.144
27512	46139	764	8	1	3039	-3.02237e-04	-3710.327	-2799.085
30010	46927	545	9	1	3964	-2.74593e-04	-3721.195	-2803.011
38155	58847	582	8	1	3489	-3.13925e-04	-3706.666	-2806.506
34478	84137	2363	7	1	4828	-3.17557e-04	-3721.870	-2812.280
19139	46478	1122	11	2	3012	-3.04042e-04	-3689.210	-2797.592
18636	66903	1025	9	3	4502	-2.99858e-04	-3717.038	-2797.711
25688	97063	6171	7	3	5955	-3.10125e-04	-3720.242	-2817.751
12591	50491	450	8	2	4017	-2.81251e-04	-3804.960	-2851.087
25259	81950	1311	7	3	5601	-2.98129e-04	-3733.653	-2831.472
17047	52925	1166	11	3	3522	-3.01094e-04	-3712.044	-2822.344
60455	52646	1613	7	2	2954	-3.20048e-04	-3700.645	-2806.879
25555	98110	4549	8	3	5217	-3.26019e-04	-3697.783	-2811.345
50395	38522	987	8	2	2130	-3.21679e-04	-3655.593	-2798.147
26588	63976	2322	8	2	3549	-3.21316e-04	-3723.738	-2835.175
11343	43298	426	10	2	3056	-2.94556e-04	-3795.855	-2813.106
16877	71123	1089	8	3	4826	-2.98933e-04	-3689.328	-2756.550
30682	53934	4662	13	1	2766	-3.30040e-04	-3664.550	-2810.002
23631	55408	1756	9	3	2948	-3.25955e-04	-3645.727	-2794.574
78020	10037	479	12	1	657	-3.02928e-04	-3708.682	-2807.687
38562	73601	1311	7	3	3718	-3.31719e-04	-3668.000	-2800.408
62406	60210	9335	9	1	2877	-3.37899e-04	-3739.247	-2829.124
51414	56235	1065	8	2	4142	-2.89818e-04	-3744.273	-2822.107
